Run	Fitness1	Solution1	Fitness2	Solution2
2	3.445730120150949	[0.56791,1.48163,-0.19541,0.83562,0.43764]	3.445730120150949	[0.56791,1.48163,-0.19541,0.83562,0.43764]
3	3.445730120150949	[0.56791,1.48163,-0.19541,0.83562,0.43764]	2.2824458827663756	[1.03428,-0.83508,-0.47624,-0.29955,-0.44587]
4	2.2824458827663756	[1.03428,-0.83508,-0.47624,-0.29955,-0.44587]	2.153449706185561	[1.11121,0.45779,-0.57151,-0.22059,-0.57777]
5	2.153449706185561	[1.11121,0.45779,-0.57151,-0.22059,-0.57777]	2.153449706185561	[1.11121,0.45779,-0.57151,-0.22059,-0.57777]
6	2.153449706185561	[1.11121,0.45779,-0.57151,-0.22059,-0.57777]	2.153449706185561	[1.11121,0.45779,-0.57151,-0.22059,-0.57777]
7	2.153449706185561	[1.11121,0.45779,-0.57151,-0.22059,-0.57777]	2.153449706185561	[1.11121,0.45779,-0.57151,-0.22059,-0.57777]
8	2.153449706185561	[1.11121,0.45779,-0.57151,-0.22059,-0.57777]	2.153449706185561	[1.11121,0.45779,-0.57151,-0.22059,-0.57777]
9	2.153449706185561	[1.11121,0.45779,-0.57151,-0.22059,-0.57777]	1.013950411897182	[0.86796,-0.33482,-0.11763,0.17666,-0.32162]
10	1.013950411897182	[0.86796,-0.33482,-0.11763,0.17666,-0.32162]	0.3877376134783124	[0.25635,0.13622,0.25257,-0.40300,-0.27797]
11	0.3877376134783124	[0.25635,0.13622,0.25257,-0.40300,-0.27797]	0.3877376134783124	[0.25635,0.13622,0.25257,-0.40300,-0.27797]
12	0.3877376134783124	[0.25635,0.13622,0.25257,-0.40300,-0.27797]	0.3877376134783124	[0.25635,0.13622,0.25257,-0.40300,-0.27797]
13	0.3877376134783124	[0.25635,0.13622,0.25257,-0.40300,-0.27797]	0.3877376134783124	[0.25635,0.13622,0.25257,-0.40300,-0.27797]
14	0.3877376134783124	[0.25635,0.13622,0.25257,-0.40300,-0.27797]	0.2751949000013483	[-0.02238,-0.03956,0.39115,-0.25957,-0.22968]
15	0.2751949000013483	[-0.02238,-0.03956,0.39115,-0.25957,-0.22968]	0.06666532991042323	[0.05918,-0.03228,0.23145,0.06530,-0.06548]
16	0.06666532991042323	[0.05918,-0.03228,0.23145,0.06530,-0.06548]	0.06666532991042323	[0.05918,-0.03228,0.23145,0.06530,-0.06548]
17	0.06666532991042323	[0.05918,-0.03228,0.23145,0.06530,-0.06548]	0.033870037559766	[0.02765,-0.03853,0.10145,0.14047,-0.03997]
18	0.033870037559766	[0.02765,-0.03853,0.10145,0.14047,-0.03997]	0.024266181404173234	[0.01952,-0.07064,-0.05258,0.11233,-0.05927]
19	0.024266181404173234	[0.01952,-0.07064,-0.05258,0.11233,-0.05927]	0.012083886934778921	[0.05088,-0.05844,0.04996,0.04506,-0.03942]
20	0.012083886934778921	[0.05088,-0.05844,0.04996,0.04506,-0.03942]	0.012083886934778921	[0.05088,-0.05844,0.04996,0.04506,-0.03942]
21	0.012083886934778921	[0.05088,-0.05844,0.04996,0.04506,-0.03942]	0.012083886934778921	[0.05088,-0.05844,0.04996,0.04506,-0.03942]
22	0.012083886934778921	[0.05088,-0.05844,0.04996,0.04506,-0.03942]	0.007813311454030383	[0.05416,-0.04264,0.04101,-0.02429,-0.02812]
23	0.007813311454030383	[0.05416,-0.04264,0.04101,-0.02429,-0.02812]	0.007813311454030383	[0.05416,-0.04264,0.04101,-0.02429,-0.02812]
24	0.007813311454030383	[0.05416,-0.04264,0.04101,-0.02429,-0.02812]	0.006898671329692786	[0.04937,-0.04288,0.04048,-0.02526,-0.01857]
25	0.006898671329692786	[0.04937,-0.04288,0.04048,-0.02526,-0.01857]	0.005355958800066307	[0.06991,-0.01645,0.00845,-0.00856,-0.00735]
26	0.005355958800066307	[0.06991,-0.01645,0.00845,-0.00856,-0.00735]	0.00200120962254822	[0.03321,-0.02133,-0.00417,0.00253,-0.02048]
27	0.00200120962254822	[0.03321,-0.02133,-0.00417,0.00253,-0.02048]	0.0010545421827251936	[0.01535,-0.01561,-0.01432,-0.00680,-0.01799]
28	0.0010545421827251936	[0.01535,-0.01561,-0.01432,-0.00680,-0.01799]	0.0010545421827251936	[0.01535,-0.01561,-0.01432,-0.00680,-0.01799]
29	0.0010545421827251936	[0.01535,-0.01561,-0.01432,-0.00680,-0.01799]	0.0006157657248713897	[-0.00169,-0.00585,0.01434,-0.00143,-0.01926]
30	0.0006157657248713897	[-0.00169,-0.00585,0.01434,-0.00143,-0.01926]	0.0006157657248713897	[-0.00169,-0.00585,0.01434,-0.00143,-0.01926]
31	0.0006157657248713897	[-0.00169,-0.00585,0.01434,-0.00143,-0.01926]	0.0004288004298274715	[-0.00535,0.00334,-0.00700,0.00897,-0.01611]
32	0.0004288004298274715	[-0.00535,0.00334,-0.00700,0.00897,-0.01611]	0.00026439139468970485	[-0.00310,0.00095,-0.00179,-0.00079,-0.01581]
33	0.00026439139468970485	[-0.00310,0.00095,-0.00179,-0.00079,-0.01581]	0.00023687489347142178	[-0.00154,0.00049,-0.00015,0.00820,-0.01292]
34	0.00023687489347142178	[-0.00154,0.00049,-0.00015,0.00820,-0.01292]	0.0001490698022265017	[-0.00339,0.00225,-0.00258,-0.00012,-0.01122]
35	0.0001490698022265017	[-0.00339,0.00225,-0.00258,-0.00012,-0.01122]	0.00010937086596262658	[-0.00353,0.00290,-0.00297,0.00021,-0.00892]
36	0.00010937086596262658	[-0.00353,0.00290,-0.00297,0.00021,-0.00892]	9.401186282262063e-05	[-0.00360,0.00323,-0.00317,0.00038,-0.00777]
37	9.401186282262063e-05	[-0.00360,0.00323,-0.00317,0.00038,-0.00777]	8.745497750060056e-05	[-0.00364,0.00339,-0.00327,0.00046,-0.00720]
38	8.745497750060056e-05	[-0.00364,0.00339,-0.00327,0.00046,-0.00720]	5.328332398606844e-05	[-0.00142,0.00501,-0.00085,-0.00463,-0.00198]
39	5.328332398606844e-05	[-0.00142,0.00501,-0.00085,-0.00463,-0.00198]	2.198229554161569e-05	[0.00167,0.00392,-0.00163,0.00103,-0.00034]
40	2.198229554161569e-05	[0.00167,0.00392,-0.00163,0.00103,-0.00034]	2.198229554161569e-05	[0.00167,0.00392,-0.00163,0.00103,-0.00034]
41	2.198229554161569e-05	[0.00167,0.00392,-0.00163,0.00103,-0.00034]	1.5233624313134758e-05	[0.00293,0.00171,-0.00189,0.00003,-0.00042]
42	1.5233624313134758e-05	[0.00293,0.00171,-0.00189,0.00003,-0.00042]	5.171580865649693e-06	[0.00201,0.00013,-0.00043,-0.00096,-0.00015]
43	5.171580865649693e-06	[0.00201,0.00013,-0.00043,-0.00096,-0.00015]	5.171580865649693e-06	[0.00201,0.00013,-0.00043,-0.00096,-0.00015]
44	5.171580865649693e-06	[0.00201,0.00013,-0.00043,-0.00096,-0.00015]	5.171580865649693e-06	[0.00201,0.00013,-0.00043,-0.00096,-0.00015]
45	5.171580865649693e-06	[0.00201,0.00013,-0.00043,-0.00096,-0.00015]	3.8079241637744635e-06	[0.00074,-0.00084,0.00032,-0.00157,-0.00006]
46	3.8079241637744635e-06	[0.00074,-0.00084,0.00032,-0.00157,-0.00006]	1.2101309876471778e-06	[0.00042,-0.00036,0.00066,-0.00063,-0.00026]
47	1.2101309876471778e-06	[0.00042,-0.00036,0.00066,-0.00063,-0.00026]	1.2101309876471778e-06	[0.00042,-0.00036,0.00066,-0.00063,-0.00026]
48	1.2101309876471778e-06	[0.00042,-0.00036,0.00066,-0.00063,-0.00026]	1.2101309876471778e-06	[0.00042,-0.00036,0.00066,-0.00063,-0.00026]
49	1.2101309876471778e-06	[0.00042,-0.00036,0.00066,-0.00063,-0.00026]	1.2101309876471778e-06	[0.00042,-0.00036,0.00066,-0.00063,-0.00026]
50	1.2101309876471778e-06	[0.00042,-0.00036,0.00066,-0.00063,-0.00026]	1.2101309876471778e-06	[0.00042,-0.00036,0.00066,-0.00063,-0.00026]
