Run	Fitness1	Solution1	Fitness2	Solution2
1	0.0000000000012240	[-0.00000081230728450,0.00000074183805253,-0.00000011767818132]	0.0000000000008750	[-0.00000019997561307,0.00000019063490491,0.00000089368511214]
1	0.0000000000008750	[-0.00000019997561307,0.00000019063490491,0.00000089368511214]	0.0000000000005405	[0.00000030577563647,0.00000041587567767,0.00000052350468189]
1	0.0000000000005405	[0.00000030577563647,0.00000041587567767,0.00000052350468189]	0.0000000000015361	[-0.00000001950763753,0.00000102995310719,0.00000068910838066]
1	0.0000000000015361	[-0.00000001950763753,0.00000102995310719,0.00000068910838066]	0.0000000000008370	[-0.00000044140222592,0.00000080010732896,0.00000004454965697]
1	0.0000000000008370	[-0.00000044140222592,0.00000080010732896,0.00000004454965697]	0.0000000000012952	[0.00000072767022485,0.00000061212290194,-0.00000062526212381]
1	0.0000000000012952	[0.00000072767022485,0.00000061212290194,-0.00000062526212381]	0.0000000000008594	[0.00000082880014014,0.00000012339453399,-0.00000039655467123]
1	0.0000000000008594	[0.00000082880014014,0.00000012339453399,-0.00000039655467123]	0.0000000000007731	[0.00000070247255726,-0.00000046412820760,-0.00000025335095920]
1	0.0000000000007731	[0.00000070247255726,-0.00000046412820760,-0.00000025335095920]	0.0000000000002419	[0.00000015164550213,0.00000043351567150,-0.00000017593776944]
1	0.0000000000002419	[0.00000015164550213,0.00000043351567150,-0.00000017593776944]	0.0000000000003257	[-0.00000011954081522,0.00000047591471704,-0.00000029137756314]
1	0.0000000000003257	[-0.00000011954081522,0.00000047591471704,-0.00000029137756314]	0.0000000000001629	[-0.00000026199615984,0.00000004928402020,0.00000030301725548]
2	0.0000000000004872	[-0.00000062048645211,0.00000016440265100,0.00000027414918436]	0.0000000000010945	[0.00000064397703401,0.00000079974641578,0.00000020042206743]
2	0.0000000000010945	[0.00000064397703401,0.00000079974641578,0.00000020042206743]	0.0000000000001623	[-0.00000015018098094,-0.00000034006353914,-0.00000015509115523]
2	0.0000000000001623	[-0.00000015018098094,-0.00000034006353914,-0.00000015509115523]	0.0000000000007555	[0.00000020510970827,0.00000030494061965,-0.00000078770289363]
2	0.0000000000007555	[0.00000020510970827,0.00000030494061965,-0.00000078770289363]	0.0000000000002236	[-0.00000027887546062,0.00000012878876092,0.00000035948379298]
2	0.0000000000002236	[-0.00000027887546062,0.00000012878876092,0.00000035948379298]	0.0000000000009533	[0.00000002126045157,0.00000097472961974,-0.00000005259582476]
2	0.0000000000009533	[0.00000002126045157,0.00000097472961974,-0.00000005259582476]	0.0000000000002294	[0.00000022871344201,-0.00000007264542453,0.00000041455437935]
2	0.0000000000002294	[0.00000022871344201,-0.00000007264542453,0.00000041455437935]	0.0000000000004080	[-0.00000020495943183,0.00000022599920478,-0.00000056121204257]
2	0.0000000000004080	[-0.00000020495943183,0.00000022599920478,-0.00000056121204257]	0.0000000000001421	[-0.00000003128912286,0.00000037460295013,-0.00000002860440883]
2	0.0000000000001421	[-0.00000003128912286,0.00000037460295013,-0.00000002860440883]	0.0000000000010706	[0.00000078462405247,-0.00000012168809678,0.00000066341363521]
2	0.0000000000010706	[0.00000078462405247,-0.00000012168809678,0.00000066341363521]	0.0000000000006181	[0.00000025957979134,0.00000041772053777,-0.00000061335726768]
3	0.0000000000004718	[-0.00000016885085561,0.00000055533426905,-0.00000036734117828]	0.0000000000006526	[0.00000076331327358,-0.00000010643305563,-0.00000024220539731]
3	0.0000000000006526	[0.00000076331327358,-0.00000010643305563,-0.00000024220539731]	0.0000000000006342	[0.00000031827364593,-0.00000071618618347,0.00000014138094802]
3	0.0000000000006342	[0.00000031827364593,-0.00000071618618347,0.00000014138094802]	0.0000000000001560	[0.00000030404787655,0.00000022219457620,0.00000011908541472]
3	0.0000000000001560	[0.00000030404787655,0.00000022219457620,0.00000011908541472]	0.0000000000006245	[-0.00000030642575342,-0.00000060711526767,0.00000040253075662]
3	0.0000000000006245	[-0.00000030642575342,-0.00000060711526767,0.00000040253075662]	0.0000000000004732	[0.00000057858814824,-0.00000035494220078,-0.00000011152262039]
3	0.0000000000004732	[0.00000057858814824,-0.00000035494220078,-0.00000011152262039]	0.0000000000009486	[0.00000014882273853,-0.00000026453453503,0.00000092543555524]
3	0.0000000000009486	[0.00000014882273853,-0.00000026453453503,0.00000092543555524]	0.0000000000000505	[0.00000000510198594,-0.00000018028807818,0.00000013402031489]
3	0.0000000000000505	[0.00000000510198594,-0.00000018028807818,0.00000013402031489]	0.0000000000003783	[-0.00000026804647946,0.00000043450537131,0.00000034305473760]
3	0.0000000000003783	[-0.00000026804647946,0.00000043450537131,0.00000034305473760]	0.0000000000009055	[0.00000015125660726,-0.00000093545909149,0.00000008688911894]
3	0.0000000000009055	[0.00000015125660726,-0.00000093545909149,0.00000008688911894]	0.0000000000000442	[0.00000007322186925,-0.00000008988237158,0.00000017525484571]
4	0.0000000000000834	[-0.00000016431847095,0.00000019917434989,-0.00000012922541777]	0.0000000000003327	[-0.00000053984023630,-0.00000017859809197,-0.00000009669115131]
4	0.0000000000003327	[-0.00000053984023630,-0.00000017859809197,-0.00000009669115131]	0.0000000000001675	[0.00000023315142737,0.00000019578302637,0.00000027358558566]
4	0.0000000000001675	[0.00000023315142737,0.00000019578302637,0.00000027358558566]	0.0000000000000860	[0.00000006075515020,-0.00000000581357227,-0.00000028682092972]
4	0.0000000000000860	[0.00000006075515020,-0.00000000581357227,-0.00000028682092972]	0.0000000000001370	[0.00000025115885502,0.00000016636465767,0.00000021499740147]
4	0.0000000000001370	[0.00000025115885502,0.00000016636465767,0.00000021499740147]	0.0000000000002655	[0.00000039122055502,0.00000020661328205,-0.00000026403206556]
4	0.0000000000002655	[0.00000039122055502,0.00000020661328205,-0.00000026403206556]	0.0000000000002444	[-0.00000029559068411,0.00000033486655428,-0.00000021178992603]
4	0.0000000000002444	[-0.00000029559068411,0.00000033486655428,-0.00000021178992603]	0.0000000000001461	[-0.00000030121748564,-0.00000021558078733,-0.00000009424000430]
4	0.0000000000001461	[-0.00000030121748564,-0.00000021558078733,-0.00000009424000430]	0.0000000000000425	[0.00000000762407020,-0.00000018616241864,0.00000008812778498]
4	0.0000000000000425	[0.00000000762407020,-0.00000018616241864,0.00000008812778498]	0.0000000000002290	[-0.00000047000679401,-0.00000005235389951,-0.00000007282227498]
4	0.0000000000002290	[-0.00000047000679401,-0.00000005235389951,-0.00000007282227498]	0.0000000000000964	[-0.00000019004336761,0.00000024120059089,-0.00000004552801178]
5	0.0000007724241910	[0.00003948166365795,0.00080605879794626,0.00034804396779261]	0.0000021182020939	[-0.00115124039697158,-0.00048073066576765,0.00074949694412576]
5	0.0000021182020939	[-0.00115124039697158,-0.00048073066576765,0.00074949694412576]	0.0000007729277669	[-0.00029962262319838,-0.00015947054977603,0.00081100135283751]
5	0.0000007729277669	[-0.00029962262319838,-0.00015947054977603,0.00081100135283751]	0.0000011730159235	[0.00021095532030740,0.00056617652606492,0.00089886479385429]
5	0.0000011730159235	[0.00021095532030740,0.00056617652606492,0.00089886479385429]	0.0000006069624249	[-0.00054458498984047,0.00055660408424854,0.00002411445846368]
5	0.0000006069624249	[-0.00054458498984047,0.00055660408424854,0.00002411445846368]	0.0000004481501416	[0.00031763404503415,-0.00040097974053238,0.00043182635715073]
5	0.0000004481501416	[0.00031763404503415,-0.00040097974053238,0.00043182635715073]	0.0000011002284909	[0.00010922403425050,0.00010662723998993,0.00103775200936776]
5	0.0000011002284909	[0.00010922403425050,0.00010662723998993,0.00103775200936776]	0.0000004955603172	[0.00014190262779014,-0.00002059163606203,0.00068920239839878]
5	0.0000004955603172	[0.00014190262779014,-0.00002059163606203,0.00068920239839878]	0.0000005788231912	[0.00003948166365795,0.00067537381197833,0.00034804396779261]
5	0.0000005788231912	[0.00003948166365795,0.00067537381197833,0.00034804396779261]	0.0000002820890832	[-0.00044593828624438,0.00027387488966481,0.00009066792654456]
5	0.0000002820890832	[-0.00044593828624438,0.00027387488966481,0.00009066792654456]	0.0000007482379636	[-0.00029962262319838,0.00002722228732102,0.00081100135283751]
6	0.0000000000230746	[-0.00000048954272299,0.00000186674719217,0.00000439889046117]	0.0000000000190196	[-0.00000090446375866,-0.00000333478542005,-0.00000266097144300]
6	0.0000000000190196	[-0.00000090446375866,-0.00000333478542005,-0.00000266097144300]	0.0000000000282293	[-0.00000147427850104,0.00000489040364421,-0.00000146279176873]
6	0.0000000000282293	[-0.00000147427850104,0.00000489040364421,-0.00000146279176873]	0.0000000000299250	[0.00000101344281169,0.00000531095069242,0.00000083172172835]
6	0.0000000000299250	[0.00000101344281169,0.00000531095069242,0.00000083172172835]	0.0000000000301005	[-0.00000108521414015,0.00000047689405314,0.00000535681051228]
6	0.0000000000301005	[-0.00000108521414015,0.00000047689405314,0.00000535681051228]	0.0000000000257569	[0.00000128578786432,-0.00000475480146246,-0.00000122290188757]
6	0.0000000000257569	[0.00000128578786432,-0.00000475480146246,-0.00000122290188757]	0.0000000000395216	[-0.00000035699469245,-0.00000278243527094,-0.00000562602897586]
6	0.0000000000395216	[-0.00000035699469245,-0.00000278243527094,-0.00000562602897586]	0.0000000000159787	[-0.00000266899243616,-0.00000285255347646,-0.00000084739098935]
6	0.0000000000159787	[-0.00000266899243616,-0.00000285255347646,-0.00000084739098935]	0.0000000000342930	[0.00000056459610763,0.00000004905422744,-0.00000582853359175]
6	0.0000000000342930	[0.00000056459610763,0.00000004905422744,-0.00000582853359175]	0.0000000000029512	[-0.00000030311547413,0.00000126596569473,0.00000112101403677]
6	0.0000000000029512	[-0.00000030311547413,0.00000126596569473,0.00000112101403677]	0.0000000000049494	[0.00000183851745229,-0.00000019227341382,-0.00000123784776805]
7	0.0000000000002633	[-0.00000034535380979,0.00000034881076984,0.00000014961663487]	0.0000000000005787	[0.00000001956400727,0.00000033778171549,-0.00000068135898607]
7	0.0000000000005787	[0.00000001956400727,0.00000033778171549,-0.00000068135898607]	0.0000000000002743	[-0.00000044062276081,0.00000023669231338,-0.00000015529270466]
7	0.0000000000002743	[-0.00000044062276081,0.00000023669231338,-0.00000015529270466]	0.0000000000022890	[0.00000002450505315,0.00000139955775680,0.00000057415810098]
7	0.0000000000022890	[0.00000002450505315,0.00000139955775680,0.00000057415810098]	0.0000000000004065	[0.00000058194896985,0.00000010348197618,0.00000023904845318]
7	0.0000000000004065	[0.00000058194896985,0.00000010348197618,0.00000023904845318]	0.0000000000004065	[0.00000058194896985,0.00000010348197618,0.00000023904845318]
7	0.0000000000004065	[0.00000058194896985,0.00000010348197618,0.00000023904845318]	0.0000000000006299	[-0.00000018518028887,0.00000022897197533,-0.00000073697563932]
7	0.0000000000006299	[-0.00000018518028887,0.00000022897197533,-0.00000073697563932]	0.0000000000005358	[-0.00000011215923897,0.00000031273238873,0.00000065221109127]
7	0.0000000000005358	[-0.00000011215923897,0.00000031273238873,0.00000065221109127]	0.0000000000004137	[-0.00000048561902389,0.00000027421257037,0.00000032047220625]
7	0.0000000000004137	[-0.00000048561902389,0.00000027421257037,0.00000032047220625]	0.0000000000006142	[0.00000064622934567,0.00000004988160905,-0.00000044061570525]
7	0.0000000000006142	[0.00000064622934567,0.00000004988160905,-0.00000044061570525]	0.0000000000002743	[-0.00000044062276081,0.00000023669231338,-0.00000015529270466]
8	0.0000000000001226	[-0.00000025781884281,-0.00000019703808281,0.00000013145025562]	0.0000000000012435	[-0.00000060763366712,0.00000020391600061,0.00000091252660098]
8	0.0000000000012435	[-0.00000060763366712,0.00000020391600061,0.00000091252660098]	0.0000000000009523	[0.00000022333511294,0.00000035963456986,-0.00000087925486565]
8	0.0000000000009523	[0.00000022333511294,0.00000035963456986,-0.00000087925486565]	0.0000000000000305	[-0.00000012419912094,-0.00000011798696638,-0.00000003460707744]
8	0.0000000000000305	[-0.00000012419912094,-0.00000011798696638,-0.00000003460707744]	0.0000000000002888	[0.00000045481736823,0.00000025940805147,-0.00000012093645532]
8	0.0000000000002888	[0.00000045481736823,0.00000025940805147,-0.00000012093645532]	0.0000000000001683	[-0.00000026077718971,0.00000011899995638,0.00000029351360901]
8	0.0000000000001683	[-0.00000026077718971,0.00000011899995638,0.00000029351360901]	0.0000000000001529	[0.00000004241230900,0.00000028875177906,-0.00000026030023737]
8	0.0000000000001529	[0.00000004241230900,0.00000028875177906,-0.00000026030023737]	0.0000000000001067	[0.00000003976195434,-0.00000014178866040,-0.00000029149081381]
8	0.0000000000001067	[0.00000003976195434,-0.00000014178866040,-0.00000029149081381]	0.0000000000001170	[-0.00000025366367714,-0.00000015990657722,0.00000016448403977]
8	0.0000000000001170	[-0.00000025366367714,-0.00000015990657722,0.00000016448403977]	0.0000000000005695	[-0.00000054931454543,0.00000027209059325,-0.00000044011885283]
8	0.0000000000005695	[-0.00000054931454543,0.00000027209059325,-0.00000044011885283]	0.0000000000002077	[-0.00000017450581182,0.00000022079870872,-0.00000035845281676]
9	0.0000000000000367	[0.00000010490530843,0.00000014679195490,-0.00000006402416053]	0.0000000000002314	[0.00000036977112461,0.00000021840963818,0.00000021666775120]
9	0.0000000000002314	[0.00000036977112461,0.00000021840963818,0.00000021666775120]	0.0000000000000817	[0.00000015480392801,0.00000002420692907,-0.00000023901210101]
9	0.0000000000000817	[0.00000015480392801,0.00000002420692907,-0.00000023901210101]	0.0000000000000607	[0.00000010202283051,-0.00000021380813006,0.00000006734565581]
9	0.0000000000000607	[0.00000010202283051,-0.00000021380813006,0.00000006734565581]	0.0000000000000054	[0.00000000886822414,0.00000005899536928,0.00000004310458730]
9	0.0000000000000054	[0.00000000886822414,0.00000005899536928,0.00000004310458730]	0.0000000000000754	[0.00000009918539094,0.00000016445472728,0.00000019631356951]
9	0.0000000000000754	[0.00000009918539094,0.00000016445472728,0.00000019631356951]	0.0000000000000146	[-0.00000008010277197,0.00000000217385521,-0.00000009052370268]
9	0.0000000000000146	[-0.00000008010277197,0.00000000217385521,-0.00000009052370268]	0.0000000000000776	[-0.00000027297292242,0.00000001555212676,-0.00000005303148826]
9	0.0000000000000776	[-0.00000027297292242,0.00000001555212676,-0.00000005303148826]	0.0000000000000230	[0.00000014640221333,0.00000003376283731,0.00000002122303022]
9	0.0000000000000230	[0.00000014640221333,0.00000003376283731,0.00000002122303022]	0.0000000000000393	[-0.00000009238349416,0.00000011638168514,-0.00000013131941342]
9	0.0000000000000393	[-0.00000009238349416,0.00000011638168514,-0.00000013131941342]	0.0000000000000367	[0.00000010490530843,0.00000014679195490,-0.00000006402416053]
10	0.0000000001259838	[0.00000544997966704,0.00000939024014414,0.00000284691474056]	0.0000000000929205	[0.00000684080314262,-0.00000665962865860,-0.00000133165347998]
10	0.0000000000929205	[0.00000684080314262,-0.00000665962865860,-0.00000133165347998]	0.0000000001868047	[0.00001151527812234,0.00000658804167343,0.00000328644732752]
10	0.0000000001868047	[0.00001151527812234,0.00000658804167343,0.00000328644732752]	0.0000000001266103	[0.00000175091588280,0.00000494809008425,-0.00000995293999676]
10	0.0000000001266103	[0.00000175091588280,0.00000494809008425,-0.00000995293999676]	0.0000000001633753	[0.00001182535257725,-0.00000149124714331,0.00000461654507434]
10	0.0000000001633753	[0.00001182535257725,-0.00000149124714331,0.00000461654507434]	0.0000000000915178	[0.00000684080314262,-0.00000655346287261,-0.00000133165347998]
10	0.0000000000915178	[0.00000684080314262,-0.00000655346287261,-0.00000133165347998]	0.0000000001202248	[0.00000177718737865,-0.00000814430319575,-0.00000712297030340]
10	0.0000000001202248	[0.00000177718737865,-0.00000814430319575,-0.00000712297030340]	0.0000000000974770	[-0.00000182128784698,-0.00000211990874613,-0.00000946920885484]
10	0.0000000000974770	[-0.00000182128784698,-0.00000211990874613,-0.00000946920885484]	0.0000000001057591	[0.00000877792821131,-0.00000138702188860,-0.00000517525588705]
10	0.0000000001057591	[0.00000877792821131,-0.00000138702188860,-0.00000517525588705]	0.0000000001966824	[-0.00001195642960047,0.00000099062055031,-0.00000726256549685]
10	0.0000000001966824	[-0.00001195642960047,0.00000099062055031,-0.00000726256549685]	0.0000000000629442	[-0.00000388561651149,0.00000329467485045,-0.00000608204458710]
