Run	Fitness1	Solution1	Fitness2	Solution2
1	0.000000	[47.546336,51.877050,50.152936]	0.000000	[47.674669,48.297383,42.672675]
1	0.000000	[47.674669,48.297383,42.672675]	0.000000	[46.404584,43.236126,46.773896]
1	0.000000	[46.404584,43.236126,46.773896]	0.000000	[42.355206,45.751098,47.456095]
1	0.000000	[42.355206,45.751098,47.456095]	0.000000	[46.206761,47.552410,48.662237]
1	0.000000	[46.206761,47.552410,48.662237]	0.000000	[45.643778,51.998602,48.864270]
1	0.000000	[45.643778,51.998602,48.864270]	0.000000	[49.479045,47.675290,50.329922]
1	0.000000	[49.479045,47.675290,50.329922]	0.000000	[47.315242,49.525131,46.586649]
1	0.000000	[47.315242,49.525131,46.586649]	0.000000	[48.559240,52.596263,49.954563]
1	0.000000	[48.559240,52.596263,49.954563]	0.000000	[43.520469,46.364125,48.554759]
1	0.000000	[43.520469,46.364125,48.554759]	0.000000	[43.545720,45.526213,48.059271]
1	0.000000	[43.545720,45.526213,48.059271]	0.000000	[43.873183,49.366268,45.300436]
1	0.000000	[43.873183,49.366268,45.300436]	0.000000	[44.436392,50.379902,45.931882]
1	0.000000	[44.436392,50.379902,45.931882]	0.000000	[49.147363,51.494660,43.296022]
1	0.000000	[49.147363,51.494660,43.296022]	0.000000	[49.684824,45.497122,50.031785]
1	0.000000	[49.684824,45.497122,50.031785]	0.000000	[50.935875,48.099758,48.042168]
1	0.000000	[50.935875,48.099758,48.042168]	0.000000	[42.066642,48.304057,47.274815]
1	0.000000	[42.066642,48.304057,47.274815]	0.000000	[45.585370,48.830252,47.267253]
1	0.000000	[45.585370,48.830252,47.267253]	0.000000	[52.985957,48.049979,45.216766]
1	0.000000	[52.985957,48.049979,45.216766]	0.000000	[47.285175,49.784816,50.771943]
1	0.000000	[47.285175,49.784816,50.771943]	0.000000	[45.969581,42.726255,49.003218]
2	0.000000	[46.824435,41.681759,49.394689]	0.000000	[49.208074,46.653666,47.736303]
2	0.000000	[49.208074,46.653666,47.736303]	0.000000	[48.756159,46.397344,51.240383]
2	0.000000	[48.756159,46.397344,51.240383]	0.000000	[48.359418,48.078072,45.347810]
2	0.000000	[48.359418,48.078072,45.347810]	0.000000	[45.300154,45.393495,47.963504]
2	0.000000	[45.300154,45.393495,47.963504]	0.000000	[49.595275,50.317523,45.904404]
2	0.000000	[49.595275,50.317523,45.904404]	0.000000	[47.815273,43.720838,46.364017]
2	0.000000	[47.815273,43.720838,46.364017]	0.000000	[45.295747,48.869999,44.090231]
2	0.000000	[45.295747,48.869999,44.090231]	0.000000	[45.932983,44.323100,45.755900]
2	0.000000	[45.932983,44.323100,45.755900]	0.000000	[43.466134,48.516163,51.429181]
2	0.000000	[43.466134,48.516163,51.429181]	0.000000	[41.046013,46.877716,47.478514]
2	0.000000	[41.046013,46.877716,47.478514]	0.000000	[44.989885,45.606414,45.056908]
2	0.000000	[44.989885,45.606414,45.056908]	0.000000	[44.158565,46.618626,49.163741]
2	0.000000	[44.158565,46.618626,49.163741]	0.000000	[47.748444,44.211689,43.418136]
2	0.000000	[47.748444,44.211689,43.418136]	0.000000	[44.136554,42.715257,45.844786]
2	0.000000	[44.136554,42.715257,45.844786]	0.000000	[46.059651,48.357005,48.089518]
2	0.000000	[46.059651,48.357005,48.089518]	0.000000	[45.893079,50.893809,43.538717]
2	0.000000	[45.893079,50.893809,43.538717]	0.000000	[45.388821,48.583953,49.597036]
2	0.000000	[45.388821,48.583953,49.597036]	0.000000	[46.751516,48.117687,47.512456]
2	0.000000	[46.751516,48.117687,47.512456]	0.000000	[46.446780,47.727281,47.761450]
2	0.000000	[46.446780,47.727281,47.761450]	0.000000	[43.658157,44.400055,46.495112]
3	0.000000	[48.376108,51.907899,50.017043]	0.000000	[47.824092,41.702140,45.993542]
3	0.000000	[47.824092,41.702140,45.993542]	0.000000	[43.873098,47.110964,50.646525]
3	0.000000	[43.873098,47.110964,50.646525]	0.000000	[45.252089,50.015602,47.504277]
3	0.000000	[45.252089,50.015602,47.504277]	0.000000	[42.120611,45.140424,46.402507]
3	0.000000	[42.120611,45.140424,46.402507]	0.000000	[47.091048,45.383709,43.085064]
3	0.000000	[47.091048,45.383709,43.085064]	0.000000	[45.347239,49.146036,48.458238]
3	0.000000	[45.347239,49.146036,48.458238]	0.000000	[46.058186,47.726232,43.797626]
3	0.000000	[46.058186,47.726232,43.797626]	0.000000	[47.010147,50.537827,46.899238]
3	0.000000	[47.010147,50.537827,46.899238]	0.000000	[46.626111,45.886461,45.538165]
3	0.000000	[46.626111,45.886461,45.538165]	0.000000	[46.469294,51.485301,50.637045]
3	0.000000	[46.469294,51.485301,50.637045]	0.000000	[51.248026,46.738853,46.476833]
3	0.000000	[51.248026,46.738853,46.476833]	0.000000	[46.594920,55.949610,48.960217]
3	0.000000	[46.594920,55.949610,48.960217]	0.000000	[45.885199,46.833532,49.343143]
3	0.000000	[45.885199,46.833532,49.343143]	0.000000	[46.194114,46.483996,45.160426]
3	0.000000	[46.194114,46.483996,45.160426]	0.000000	[47.012377,44.840316,40.244745]
3	0.000000	[47.012377,44.840316,40.244745]	0.000000	[45.559743,43.800029,47.599116]
3	0.000000	[45.559743,43.800029,47.599116]	0.000000	[44.047720,44.283272,42.826655]
3	0.000000	[44.047720,44.283272,42.826655]	0.000000	[43.451761,42.455343,46.492335]
3	0.000000	[43.451761,42.455343,46.492335]	0.000000	[48.212332,43.531893,45.415228]
3	0.000000	[48.212332,43.531893,45.415228]	0.000000	[48.614211,42.194865,43.573551]
4	0.000000	[51.344164,52.760013,45.017359]	0.000000	[47.591382,47.709252,56.280815]
4	0.000000	[47.591382,47.709252,56.280815]	0.000000	[51.171868,57.571006,46.728517]
4	0.000000	[51.171868,57.571006,46.728517]	0.000000	[46.281856,37.503737,38.603007]
4	0.000000	[46.281856,37.503737,38.603007]	0.000000	[52.482649,52.994411,44.691117]
4	0.000000	[52.482649,52.994411,44.691117]	0.000000	[52.082345,44.640966,39.451996]
4	0.000000	[52.082345,44.640966,39.451996]	0.000000	[48.482960,39.178691,40.849298]
4	0.000000	[48.482960,39.178691,40.849298]	0.000000	[43.386065,44.677618,52.892034]
4	0.000000	[43.386065,44.677618,52.892034]	0.000000	[52.830111,54.172049,51.067925]
4	0.000000	[52.830111,54.172049,51.067925]	0.000000	[48.572138,40.109433,42.420604]
4	0.000000	[48.572138,40.109433,42.420604]	0.000000	[41.184961,43.002663,50.645743]
4	0.000000	[41.184961,43.002663,50.645743]	0.000000	[54.205126,46.658160,48.095661]
4	0.000000	[54.205126,46.658160,48.095661]	0.000000	[51.091707,43.933026,41.442492]
4	0.000000	[51.091707,43.933026,41.442492]	0.000000	[40.112646,45.136037,38.876457]
4	0.000000	[40.112646,45.136037,38.876457]	0.000000	[50.054996,42.703495,49.058421]
4	0.000000	[50.054996,42.703495,49.058421]	0.000000	[44.055737,51.354093,42.848997]
4	0.000000	[44.055737,51.354093,42.848997]	0.000000	[48.236824,46.051538,43.293809]
4	0.000000	[48.236824,46.051538,43.293809]	0.000000	[43.333438,42.856564,51.406965]
4	0.000000	[43.333438,42.856564,51.406965]	0.000000	[48.289887,52.023805,48.975255]
4	0.000000	[48.289887,52.023805,48.975255]	0.000000	[52.701192,46.760430,47.562806]
4	0.000000	[52.701192,46.760430,47.562806]	0.000000	[51.233608,54.145948,51.347401]
5	0.000000	[48.822902,50.538835,48.962342]	0.000000	[52.806098,47.061176,48.182548]
5	0.000000	[52.806098,47.061176,48.182548]	0.000000	[38.623053,48.957619,49.226677]
5	0.000000	[38.623053,48.957619,49.226677]	0.000000	[49.033429,51.066873,46.559811]
5	0.000000	[49.033429,51.066873,46.559811]	0.000000	[46.350383,46.105059,44.199554]
5	0.000000	[46.350383,46.105059,44.199554]	0.000000	[48.708055,52.173534,44.703527]
5	0.000000	[48.708055,52.173534,44.703527]	0.000000	[45.590570,49.384072,41.264051]
5	0.000000	[45.590570,49.384072,41.264051]	0.000000	[54.588279,41.721057,42.634468]
5	0.000000	[54.588279,41.721057,42.634468]	0.000000	[40.707024,55.732861,49.689276]
5	0.000000	[40.707024,55.732861,49.689276]	0.000000	[49.013587,53.920928,51.157137]
5	0.000000	[49.013587,53.920928,51.157137]	0.000000	[50.796907,45.308100,43.059184]
5	0.000000	[50.796907,45.308100,43.059184]	0.000000	[43.291376,58.975265,47.377855]
5	0.000000	[43.291376,58.975265,47.377855]	0.000000	[49.041685,52.229886,44.216233]
5	0.000000	[49.041685,52.229886,44.216233]	0.000000	[47.422054,53.735438,45.646451]
5	0.000000	[47.422054,53.735438,45.646451]	0.000000	[43.107669,47.761846,48.724864]
5	0.000000	[43.107669,47.761846,48.724864]	0.000000	[43.933301,49.803182,47.831280]
5	0.000000	[43.933301,49.803182,47.831280]	0.000000	[50.167170,50.012987,45.558659]
5	0.000000	[50.167170,50.012987,45.558659]	0.000000	[45.130971,45.906828,52.264372]
5	0.000000	[45.130971,45.906828,52.264372]	0.000000	[49.831492,44.508632,49.434394]
5	0.000000	[49.831492,44.508632,49.434394]	0.000000	[48.934735,49.347464,41.888133]
5	0.000000	[48.934735,49.347464,41.888133]	0.000000	[45.112471,45.590317,40.035397]
6	0.000000	[51.887131,45.959589,47.191045]	0.000000	[42.722785,48.292233,41.705948]
6	0.000000	[42.722785,48.292233,41.705948]	0.000000	[52.657939,49.940166,49.539973]
6	0.000000	[52.657939,49.940166,49.539973]	0.000000	[40.210906,49.717457,46.764194]
6	0.000000	[40.210906,49.717457,46.764194]	0.000000	[43.358830,49.908051,42.387935]
6	0.000000	[43.358830,49.908051,42.387935]	0.000000	[48.201789,46.889221,46.214032]
6	0.000000	[48.201789,46.889221,46.214032]	0.000000	[45.903595,47.453883,43.438946]
6	0.000000	[45.903595,47.453883,43.438946]	0.000000	[44.347021,42.839191,45.711111]
6	0.000000	[44.347021,42.839191,45.711111]	0.000000	[43.331774,48.242619,46.630226]
6	0.000000	[43.331774,48.242619,46.630226]	0.000000	[45.255223,46.346148,45.543767]
6	0.000000	[45.255223,46.346148,45.543767]	0.000000	[46.754577,50.858626,51.355831]
6	0.000000	[46.754577,50.858626,51.355831]	0.000000	[45.955201,43.808572,48.801169]
6	0.000000	[45.955201,43.808572,48.801169]	0.000000	[45.166103,45.410156,48.274476]
6	0.000000	[45.166103,45.410156,48.274476]	0.000000	[48.161529,44.569811,49.379802]
6	0.000000	[48.161529,44.569811,49.379802]	0.000000	[48.714995,47.111049,44.984985]
6	0.000000	[48.714995,47.111049,44.984985]	0.000000	[48.890115,44.972346,46.044633]
6	0.000000	[48.890115,44.972346,46.044633]	0.000000	[47.004748,47.803336,52.869613]
6	0.000000	[47.004748,47.803336,52.869613]	0.000000	[53.204462,49.917990,49.832312]
6	0.000000	[53.204462,49.917990,49.832312]	0.000000	[49.814391,52.031171,47.154044]
6	0.000000	[49.814391,52.031171,47.154044]	0.000000	[44.601684,47.628697,49.186477]
6	0.000000	[44.601684,47.628697,49.186477]	0.000000	[51.527888,45.804309,47.761133]
7	0.000000	[45.319647,45.766672,46.431869]	0.000000	[47.775578,46.131544,47.814646]
7	0.000000	[47.775578,46.131544,47.814646]	0.000000	[45.688076,46.248219,46.434807]
7	0.000000	[45.688076,46.248219,46.434807]	0.000000	[45.211094,44.418852,47.498820]
7	0.000000	[45.211094,44.418852,47.498820]	0.000000	[46.374743,48.777792,46.224154]
7	0.000000	[46.374743,48.777792,46.224154]	0.000000	[45.288209,45.715123,47.560685]
7	0.000000	[45.288209,45.715123,47.560685]	0.000000	[45.016916,45.134404,46.621741]
7	0.000000	[45.016916,45.134404,46.621741]	0.000000	[47.498189,46.811145,47.518905]
7	0.000000	[47.498189,46.811145,47.518905]	0.000000	[46.714236,47.655942,46.077224]
7	0.000000	[46.714236,47.655942,46.077224]	0.000000	[45.355001,48.045353,47.358614]
7	0.000000	[45.355001,48.045353,47.358614]	0.000000	[46.642273,49.097115,44.353186]
7	0.000000	[46.642273,49.097115,44.353186]	0.000000	[48.388443,47.250066,47.069082]
7	0.000000	[48.388443,47.250066,47.069082]	0.000000	[48.731975,47.315301,46.849749]
7	0.000000	[48.731975,47.315301,46.849749]	0.000000	[46.557292,48.157439,45.887550]
7	0.000000	[46.557292,48.157439,45.887550]	0.000000	[48.359197,45.262728,46.858404]
7	0.000000	[48.359197,45.262728,46.858404]	0.000000	[47.220792,47.833363,46.265935]
7	0.000000	[47.220792,47.833363,46.265935]	0.000000	[46.669291,46.994656,45.679297]
7	0.000000	[46.669291,46.994656,45.679297]	0.000000	[47.501963,49.527326,47.793321]
7	0.000000	[47.501963,49.527326,47.793321]	0.000000	[47.574176,47.754619,46.772039]
7	0.000000	[47.574176,47.754619,46.772039]	0.000000	[48.197354,48.061864,46.457164]
7	0.000000	[48.197354,48.061864,46.457164]	0.000000	[46.612341,46.852334,47.390298]
8	0.000000	[61.236102,28.560080,77.251793]	0.000000	[24.712271,40.060620,50.759146]
8	0.000000	[24.712271,40.060620,50.759146]	0.000000	[87.327333,62.851623,20.810963]
8	0.000000	[87.327333,62.851623,20.810963]	0.000000	[62.216257,33.947744,38.965767]
8	0.000000	[62.216257,33.947744,38.965767]	0.000000	[2.585074,72.812691,40.446137]
8	0.000000	[2.585074,72.812691,40.446137]	0.000000	[18.255832,54.378002,37.481028]
8	0.000000	[18.255832,54.378002,37.481028]	0.000000	[18.527617,15.191798,44.071463]
8	0.000000	[18.527617,15.191798,44.071463]	0.000000	[47.791625,33.703668,28.104814]
8	0.000000	[47.791625,33.703668,28.104814]	0.000000	[13.011849,39.486158,35.878333]
8	0.000000	[13.011849,39.486158,35.878333]	0.000000	[31.665365,87.929291,32.266530]
8	0.000000	[31.665365,87.929291,32.266530]	0.000000	[35.586766,47.375806,37.398343]
8	0.000000	[35.586766,47.375806,37.398343]	0.000000	[36.244182,51.828101,22.820427]
8	0.000000	[36.244182,51.828101,22.820427]	0.000000	[11.429351,25.183037,62.404344]
8	0.000000	[11.429351,25.183037,62.404344]	0.000000	[37.227430,25.529626,33.941794]
8	0.000000	[37.227430,25.529626,33.941794]	0.000000	[81.683284,6.810270,66.173710]
8	0.000000	[81.683284,6.810270,66.173710]	0.000000	[62.244026,34.480289,26.704426]
8	0.000000	[62.244026,34.480289,26.704426]	0.000000	[63.450190,41.538863,51.857184]
8	0.000000	[63.450190,41.538863,51.857184]	0.000000	[34.025894,36.296312,17.601927]
8	0.000000	[34.025894,36.296312,17.601927]	0.000000	[54.225941,27.217681,51.248567]
8	0.000000	[54.225941,27.217681,51.248567]	0.000000	[39.728698,25.250122,66.119523]
8	0.000000	[39.728698,25.250122,66.119523]	0.000000	[65.186936,32.702317,58.624585]
9	0.000000	[47.270675,47.715151,47.565210]	0.000000	[47.715217,45.078164,49.279613]
9	0.000000	[47.715217,45.078164,49.279613]	0.000000	[47.023463,45.457055,45.576953]
9	0.000000	[47.023463,45.457055,45.576953]	0.000000	[47.165350,45.546947,46.533070]
9	0.000000	[47.165350,45.546947,46.533070]	0.000000	[47.288080,46.501025,43.738451]
9	0.000000	[47.288080,46.501025,43.738451]	0.000000	[47.318984,45.615134,48.355896]
9	0.000000	[47.318984,45.615134,48.355896]	0.000000	[46.679399,44.686886,44.970641]
9	0.000000	[46.679399,44.686886,44.970641]	0.000000	[46.469624,46.046428,47.477735]
9	0.000000	[46.469624,46.046428,47.477735]	0.000000	[47.596382,45.756693,47.395789]
9	0.000000	[47.596382,45.756693,47.395789]	0.000000	[47.408369,45.128907,47.499533]
9	0.000000	[47.408369,45.128907,47.499533]	0.000000	[46.498138,45.713455,44.926752]
9	0.000000	[46.498138,45.713455,44.926752]	0.000000	[48.049935,46.957324,50.246281]
9	0.000000	[48.049935,46.957324,50.246281]	0.000000	[46.788702,45.499833,48.969291]
9	0.000000	[46.788702,45.499833,48.969291]	0.000000	[47.698648,45.866356,51.088551]
9	0.000000	[47.698648,45.866356,51.088551]	0.000000	[49.349565,46.475291,47.365066]
9	0.000000	[49.349565,46.475291,47.365066]	0.000000	[46.137249,45.866050,46.756248]
9	0.000000	[46.137249,45.866050,46.756248]	0.000000	[46.498577,45.210102,48.246449]
9	0.000000	[46.498577,45.210102,48.246449]	0.000000	[48.107446,45.833517,46.336323]
9	0.000000	[48.107446,45.833517,46.336323]	0.000000	[47.472558,46.736947,48.896671]
9	0.000000	[47.472558,46.736947,48.896671]	0.000000	[47.823814,48.113193,47.405540]
9	0.000000	[47.823814,48.113193,47.405540]	0.000000	[46.291712,45.099447,46.301189]
10	0.000000	[46.603404,46.154123,46.850211]	0.000000	[47.706741,48.392505,48.007202]
10	0.000000	[47.706741,48.392505,48.007202]	0.000000	[47.470611,45.081409,46.802102]
10	0.000000	[47.470611,45.081409,46.802102]	0.000000	[47.222876,45.699098,46.533067]
10	0.000000	[47.222876,45.699098,46.533067]	0.000000	[48.002543,48.104785,48.167977]
10	0.000000	[48.002543,48.104785,48.167977]	0.000000	[48.157061,47.377889,46.242976]
10	0.000000	[48.157061,47.377889,46.242976]	0.000000	[47.814904,47.883678,46.659701]
10	0.000000	[47.814904,47.883678,46.659701]	0.000000	[47.145975,46.284164,46.132131]
10	0.000000	[47.145975,46.284164,46.132131]	0.000000	[46.986014,46.963046,47.692165]
10	0.000000	[46.986014,46.963046,47.692165]	0.000000	[47.760244,47.253021,45.986286]
10	0.000000	[47.760244,47.253021,45.986286]	0.000000	[48.468005,48.018629,46.063877]
10	0.000000	[48.468005,48.018629,46.063877]	0.000000	[48.309012,47.594655,47.369697]
10	0.000000	[48.309012,47.594655,47.369697]	0.000000	[47.314472,47.019465,46.227743]
10	0.000000	[47.314472,47.019465,46.227743]	0.000000	[46.912638,47.491632,47.170411]
10	0.000000	[46.912638,47.491632,47.170411]	0.000000	[47.737837,47.441085,48.045626]
10	0.000000	[47.737837,47.441085,48.045626]	0.000000	[47.916350,46.327459,46.106388]
10	0.000000	[47.916350,46.327459,46.106388]	0.000000	[46.669683,46.984941,46.461869]
10	0.000000	[46.669683,46.984941,46.461869]	0.000000	[46.452610,46.675276,44.852268]
10	0.000000	[46.452610,46.675276,44.852268]	0.000000	[47.226614,47.412695,48.002548]
10	0.000000	[47.226614,47.412695,48.002548]	0.000000	[48.531769,46.861482,46.568718]
10	0.000000	[48.531769,46.861482,46.568718]	0.000000	[47.200542,46.605954,47.133369]
11	0.000000	[42.836906,53.476153,45.534820]	0.000000	[50.380208,37.421291,57.233697]
11	0.000000	[50.380208,37.421291,57.233697]	0.000000	[47.004880,61.287020,41.450520]
11	0.000000	[47.004880,61.287020,41.450520]	0.000000	[49.281652,49.047664,50.405905]
11	0.000000	[49.281652,49.047664,50.405905]	0.000000	[46.710910,54.532173,43.979068]
11	0.000000	[46.710910,54.532173,43.979068]	0.000000	[60.656989,46.596210,45.523064]
11	0.000000	[60.656989,46.596210,45.523064]	0.000000	[50.328709,38.919277,33.972472]
11	0.000000	[50.328709,38.919277,33.972472]	0.000000	[47.068365,47.029830,54.126047]
11	0.000000	[47.068365,47.029830,54.126047]	0.000000	[42.933666,42.275753,50.594612]
11	0.000000	[42.933666,42.275753,50.594612]	0.000000	[45.064430,51.831756,55.370601]
11	0.000000	[45.064430,51.831756,55.370601]	0.000000	[44.781093,54.499157,58.755815]
11	0.000000	[44.781093,54.499157,58.755815]	0.000000	[49.573674,47.672277,42.201134]
11	0.000000	[49.573674,47.672277,42.201134]	0.000000	[43.347878,50.001738,39.672983]
11	0.000000	[43.347878,50.001738,39.672983]	0.000000	[49.683116,50.798596,44.853079]
11	0.000000	[49.683116,50.798596,44.853079]	0.000000	[42.821714,53.778926,46.304419]
11	0.000000	[42.821714,53.778926,46.304419]	0.000000	[49.027101,53.382899,40.315570]
11	0.000000	[49.027101,53.382899,40.315570]	0.000000	[43.829472,50.086330,44.053313]
11	0.000000	[43.829472,50.086330,44.053313]	0.000000	[44.664246,34.435270,52.416567]
11	0.000000	[44.664246,34.435270,52.416567]	0.000000	[50.308692,41.641943,50.739636]
11	0.000000	[50.308692,41.641943,50.739636]	0.000000	[45.789918,48.435440,42.659248]
11	0.000000	[45.789918,48.435440,42.659248]	0.000000	[43.628902,51.227391,37.280724]
12	0.000000	[47.297785,44.999127,44.978557]	0.000000	[46.632704,43.091394,46.988037]
12	0.000000	[46.632704,43.091394,46.988037]	0.000000	[49.458479,47.719885,45.983176]
12	0.000000	[49.458479,47.719885,45.983176]	0.000000	[47.413590,49.829913,48.222899]
12	0.000000	[47.413590,49.829913,48.222899]	0.000000	[50.536048,48.674716,45.579562]
12	0.000000	[50.536048,48.674716,45.579562]	0.000000	[45.758400,45.395519,46.575341]
12	0.000000	[45.758400,45.395519,46.575341]	0.000000	[46.095293,47.935739,50.016826]
12	0.000000	[46.095293,47.935739,50.016826]	0.000000	[47.408230,47.365230,49.504703]
12	0.000000	[47.408230,47.365230,49.504703]	0.000000	[46.726540,50.797646,44.225832]
12	0.000000	[46.726540,50.797646,44.225832]	0.000000	[49.669060,46.335125,46.364749]
12	0.000000	[49.669060,46.335125,46.364749]	0.000000	[48.314122,47.433527,50.201058]
12	0.000000	[48.314122,47.433527,50.201058]	0.000000	[47.526715,46.458720,48.449020]
12	0.000000	[47.526715,46.458720,48.449020]	0.000000	[45.346229,45.157906,46.252422]
12	0.000000	[45.346229,45.157906,46.252422]	0.000000	[47.742150,47.860860,49.578545]
12	0.000000	[47.742150,47.860860,49.578545]	0.000000	[47.815235,44.442916,49.424157]
12	0.000000	[47.815235,44.442916,49.424157]	0.000000	[47.839929,48.957360,45.570788]
12	0.000000	[47.839929,48.957360,45.570788]	0.000000	[48.739237,47.218290,44.979417]
12	0.000000	[48.739237,47.218290,44.979417]	0.000000	[51.741099,46.135541,47.578533]
12	0.000000	[51.741099,46.135541,47.578533]	0.000000	[47.475555,48.851281,48.557092]
12	0.000000	[47.475555,48.851281,48.557092]	0.000000	[46.703927,46.797800,45.241498]
12	0.000000	[46.703927,46.797800,45.241498]	0.000000	[45.766846,45.731117,48.482688]
13	0.000000	[48.887174,54.555323,46.244192]	0.000000	[51.299323,48.740703,43.178320]
13	0.000000	[51.299323,48.740703,43.178320]	0.000000	[44.031680,42.711805,56.771720]
13	0.000000	[44.031680,42.711805,56.771720]	0.000000	[46.324118,47.898575,44.869839]
13	0.000000	[46.324118,47.898575,44.869839]	0.000000	[46.744925,48.780665,48.611368]
13	0.000000	[46.744925,48.780665,48.611368]	0.000000	[44.811932,37.884966,49.339627]
13	0.000000	[44.811932,37.884966,49.339627]	0.000000	[45.509613,39.119744,52.647202]
13	0.000000	[45.509613,39.119744,52.647202]	0.000000	[48.473441,47.394607,51.302988]
13	0.000000	[48.473441,47.394607,51.302988]	0.000000	[50.255841,44.688075,48.841103]
13	0.000000	[50.255841,44.688075,48.841103]	0.000000	[45.560739,35.771660,45.745123]
13	0.000000	[45.560739,35.771660,45.745123]	0.000000	[41.930851,46.198313,44.388590]
13	0.000000	[41.930851,46.198313,44.388590]	0.000000	[48.224036,47.550520,42.841446]
13	0.000000	[48.224036,47.550520,42.841446]	0.000000	[49.420969,40.110628,45.579808]
13	0.000000	[49.420969,40.110628,45.579808]	0.000000	[45.675200,51.799675,50.888098]
13	0.000000	[45.675200,51.799675,50.888098]	0.000000	[42.265646,41.751440,52.856606]
13	0.000000	[42.265646,41.751440,52.856606]	0.000000	[51.459860,48.246691,49.470314]
13	0.000000	[51.459860,48.246691,49.470314]	0.000000	[44.393751,45.760321,39.926188]
13	0.000000	[44.393751,45.760321,39.926188]	0.000000	[50.028987,44.084674,47.874596]
13	0.000000	[50.028987,44.084674,47.874596]	0.000000	[51.150155,49.727210,47.528367]
13	0.000000	[51.150155,49.727210,47.528367]	0.000000	[41.756268,51.986732,47.891530]
13	0.000000	[41.756268,51.986732,47.891530]	0.000000	[47.571797,46.004003,43.146520]
14	0.000000	[50.751126,44.251365,53.126950]	0.000000	[53.505079,40.841463,39.947092]
14	0.000000	[53.505079,40.841463,39.947092]	0.000000	[43.061537,44.964820,57.019789]
14	0.000000	[43.061537,44.964820,57.019789]	0.000000	[37.150076,44.170154,44.182071]
14	0.000000	[37.150076,44.170154,44.182071]	0.000000	[51.369230,31.644064,41.606630]
14	0.000000	[51.369230,31.644064,41.606630]	0.000000	[59.689049,41.606754,41.507472]
14	0.000000	[59.689049,41.606754,41.507472]	0.000000	[41.584526,55.717400,51.432187]
14	0.000000	[41.584526,55.717400,51.432187]	0.000000	[47.250620,45.974692,38.950506]
14	0.000000	[47.250620,45.974692,38.950506]	0.000000	[48.284528,38.447887,42.861828]
14	0.000000	[48.284528,38.447887,42.861828]	0.000000	[50.592822,46.839349,56.631686]
14	0.000000	[50.592822,46.839349,56.631686]	0.000000	[50.034923,58.033608,47.058017]
14	0.000000	[50.034923,58.033608,47.058017]	0.000000	[59.420356,42.462809,36.885173]
14	0.000000	[59.420356,42.462809,36.885173]	0.000000	[52.272240,44.762056,42.698291]
14	0.000000	[52.272240,44.762056,42.698291]	0.000000	[46.935275,51.741023,47.068083]
14	0.000000	[46.935275,51.741023,47.068083]	0.000000	[60.118020,47.100822,55.409370]
14	0.000000	[60.118020,47.100822,55.409370]	0.000000	[50.149621,50.220618,44.550748]
14	0.000000	[50.149621,50.220618,44.550748]	0.000000	[45.584015,49.963408,50.823665]
14	0.000000	[45.584015,49.963408,50.823665]	0.000000	[59.427678,40.299114,50.995463]
14	0.000000	[59.427678,40.299114,50.995463]	0.000000	[52.087824,54.552949,40.673328]
14	0.000000	[52.087824,54.552949,40.673328]	0.000000	[47.401522,53.848068,54.895620]
14	0.000000	[47.401522,53.848068,54.895620]	0.000000	[49.344581,51.231901,42.644110]
15	0.000000	[49.186589,47.616887,43.645801]	0.000000	[46.956775,47.672171,49.214664]
15	0.000000	[46.956775,47.672171,49.214664]	0.000000	[46.015556,49.022645,47.295373]
15	0.000000	[46.015556,49.022645,47.295373]	0.000000	[48.077105,46.945239,51.464215]
15	0.000000	[48.077105,46.945239,51.464215]	0.000000	[45.004373,49.959437,46.010676]
15	0.000000	[45.004373,49.959437,46.010676]	0.000000	[48.920817,44.680078,46.260635]
15	0.000000	[48.920817,44.680078,46.260635]	0.000000	[46.714099,48.115050,45.596243]
15	0.000000	[46.714099,48.115050,45.596243]	0.000000	[43.319809,49.110895,47.407443]
15	0.000000	[43.319809,49.110895,47.407443]	0.000000	[47.563181,46.725545,47.813442]
15	0.000000	[47.563181,46.725545,47.813442]	0.000000	[46.168390,46.169846,43.090597]
15	0.000000	[46.168390,46.169846,43.090597]	0.000000	[47.205034,49.042575,46.129136]
15	0.000000	[47.205034,49.042575,46.129136]	0.000000	[45.832441,46.479167,45.834570]
15	0.000000	[45.832441,46.479167,45.834570]	0.000000	[46.828061,49.244028,47.349757]
15	0.000000	[46.828061,49.244028,47.349757]	0.000000	[48.440890,45.121965,50.180597]
15	0.000000	[48.440890,45.121965,50.180597]	0.000000	[46.702107,47.228961,48.030334]
15	0.000000	[46.702107,47.228961,48.030334]	0.000000	[45.651937,50.826794,47.367925]
15	0.000000	[45.651937,50.826794,47.367925]	0.000000	[46.128779,45.397130,47.073809]
15	0.000000	[46.128779,45.397130,47.073809]	0.000000	[45.813684,45.647486,47.051407]
15	0.000000	[45.813684,45.647486,47.051407]	0.000000	[46.359078,45.447197,44.546155]
15	0.000000	[46.359078,45.447197,44.546155]	0.000000	[45.778663,46.214298,47.310444]
15	0.000000	[45.778663,46.214298,47.310444]	0.000000	[45.363548,46.005137,47.019403]
16	0.000000	[46.790007,45.713126,47.693098]	0.000000	[49.837621,46.114871,49.053643]
16	0.000000	[49.837621,46.114871,49.053643]	0.000000	[47.701122,45.222226,46.883549]
16	0.000000	[47.701122,45.222226,46.883549]	0.000000	[45.902035,46.956673,48.561665]
16	0.000000	[45.902035,46.956673,48.561665]	0.000000	[46.676419,46.858245,45.535621]
16	0.000000	[46.676419,46.858245,45.535621]	0.000000	[47.013375,48.059157,44.287778]
16	0.000000	[47.013375,48.059157,44.287778]	0.000000	[47.308715,47.122662,47.525196]
16	0.000000	[47.308715,47.122662,47.525196]	0.000000	[50.702141,48.797200,45.344072]
16	0.000000	[50.702141,48.797200,45.344072]	0.000000	[44.490710,45.765393,46.913780]
16	0.000000	[44.490710,45.765393,46.913780]	0.000000	[44.457199,46.126730,49.040793]
16	0.000000	[44.457199,46.126730,49.040793]	0.000000	[48.172781,46.323520,47.051594]
16	0.000000	[48.172781,46.323520,47.051594]	0.000000	[48.692917,49.200621,46.523464]
16	0.000000	[48.692917,49.200621,46.523464]	0.000000	[49.656052,46.134509,47.401030]
16	0.000000	[49.656052,46.134509,47.401030]	0.000000	[44.565057,45.291276,46.976845]
16	0.000000	[44.565057,45.291276,46.976845]	0.000000	[48.188037,48.159494,47.680504]
16	0.000000	[48.188037,48.159494,47.680504]	0.000000	[46.714506,46.297943,49.137861]
16	0.000000	[46.714506,46.297943,49.137861]	0.000000	[47.175643,46.423273,47.369888]
16	0.000000	[47.175643,46.423273,47.369888]	0.000000	[48.262645,44.427132,47.615546]
16	0.000000	[48.262645,44.427132,47.615546]	0.000000	[44.957717,46.303162,46.320848]
16	0.000000	[44.957717,46.303162,46.320848]	0.000000	[46.567967,47.670924,48.236935]
16	0.000000	[46.567967,47.670924,48.236935]	0.000000	[46.687430,46.674212,47.062449]
17	0.000000	[45.309899,49.411497,40.360978]	0.000000	[41.238536,48.997875,41.239382]
17	0.000000	[41.238536,48.997875,41.239382]	0.000000	[56.994650,44.795770,46.072607]
17	0.000000	[56.994650,44.795770,46.072607]	0.000000	[49.309774,45.198376,49.188525]
17	0.000000	[49.309774,45.198376,49.188525]	0.000000	[47.121812,44.570763,51.257573]
17	0.000000	[47.121812,44.570763,51.257573]	0.000000	[46.892311,43.081404,42.147269]
17	0.000000	[46.892311,43.081404,42.147269]	0.000000	[52.085641,45.104883,45.819711]
17	0.000000	[52.085641,45.104883,45.819711]	0.000000	[49.609039,45.633095,47.871179]
17	0.000000	[49.609039,45.633095,47.871179]	0.000000	[52.294280,45.315344,52.296503]
17	0.000000	[52.294280,45.315344,52.296503]	0.000000	[42.388676,50.721446,46.865412]
17	0.000000	[42.388676,50.721446,46.865412]	0.000000	[48.310173,50.197932,43.987118]
17	0.000000	[48.310173,50.197932,43.987118]	0.000000	[45.552407,41.692984,46.059285]
17	0.000000	[45.552407,41.692984,46.059285]	0.000000	[39.852612,50.059606,41.464093]
17	0.000000	[39.852612,50.059606,41.464093]	0.000000	[45.780669,45.191505,47.985618]
17	0.000000	[45.780669,45.191505,47.985618]	0.000000	[46.700317,46.497518,44.379194]
17	0.000000	[46.700317,46.497518,44.379194]	0.000000	[42.956792,50.108179,46.923387]
17	0.000000	[42.956792,50.108179,46.923387]	0.000000	[47.511911,45.621423,44.462016]
17	0.000000	[47.511911,45.621423,44.462016]	0.000000	[40.920933,49.134245,42.502932]
17	0.000000	[40.920933,49.134245,42.502932]	0.000000	[49.479530,39.795417,49.334911]
17	0.000000	[49.479530,39.795417,49.334911]	0.000000	[48.371841,44.051322,48.084507]
17	0.000000	[48.371841,44.051322,48.084507]	0.000000	[51.134860,46.566908,52.178186]
18	0.000000	[44.116352,54.699044,53.179013]	0.000000	[44.745092,42.514316,49.338049]
18	0.000000	[44.745092,42.514316,49.338049]	0.000000	[57.913651,37.051967,42.986412]
18	0.000000	[57.913651,37.051967,42.986412]	0.000000	[50.190294,60.155167,43.017486]
18	0.000000	[50.190294,60.155167,43.017486]	0.000000	[47.680702,52.674702,56.187717]
18	0.000000	[47.680702,52.674702,56.187717]	0.000000	[43.780075,60.086360,52.255026]
18	0.000000	[43.780075,60.086360,52.255026]	0.000000	[43.095408,48.874189,36.810730]
18	0.000000	[43.095408,48.874189,36.810730]	0.000000	[47.274614,50.303452,52.248113]
18	0.000000	[47.274614,50.303452,52.248113]	0.000000	[43.156262,32.969925,47.764941]
18	0.000000	[43.156262,32.969925,47.764941]	0.000000	[54.025247,44.160868,50.336159]
18	0.000000	[54.025247,44.160868,50.336159]	0.000000	[44.309075,37.704336,50.306214]
18	0.000000	[44.309075,37.704336,50.306214]	0.000000	[42.059418,53.157737,53.045642]
18	0.000000	[42.059418,53.157737,53.045642]	0.000000	[49.297486,56.974511,53.537463]
18	0.000000	[49.297486,56.974511,53.537463]	0.000000	[41.074547,43.266986,31.326768]
18	0.000000	[41.074547,43.266986,31.326768]	0.000000	[36.071494,40.448831,39.658523]
18	0.000000	[36.071494,40.448831,39.658523]	0.000000	[57.604786,53.160882,48.903142]
18	0.000000	[57.604786,53.160882,48.903142]	0.000000	[50.977424,44.428691,44.976410]
18	0.000000	[50.977424,44.428691,44.976410]	0.000000	[48.387675,50.676374,41.491784]
18	0.000000	[48.387675,50.676374,41.491784]	0.000000	[52.653689,42.957016,37.323464]
18	0.000000	[52.653689,42.957016,37.323464]	0.000000	[39.315619,52.102495,37.213244]
18	0.000000	[39.315619,52.102495,37.213244]	0.000000	[46.033885,51.076057,37.001261]
19	0.000000	[81.507750,43.266867,47.899262]	0.000000	[31.507523,0.000000,49.283448]
19	0.000000	[31.507523,0.000000,49.283448]	0.000000	[100.000000,79.348927,43.089001]
19	0.000000	[100.000000,79.348927,43.089001]	0.000000	[63.305226,37.710214,50.986579]
19	0.000000	[63.305226,37.710214,50.986579]	0.000000	[26.626279,31.449833,78.338283]
19	0.000000	[26.626279,31.449833,78.338283]	0.000000	[5.420988,79.530645,70.093335]
19	0.000000	[5.420988,79.530645,70.093335]	0.000000	[53.809858,26.352915,29.911982]
19	0.000000	[53.809858,26.352915,29.911982]	0.000000	[36.793087,52.173419,16.508751]
19	0.000000	[36.793087,52.173419,16.508751]	0.000000	[16.947567,50.989223,38.912619]
19	0.000000	[16.947567,50.989223,38.912619]	0.000000	[46.802878,6.592260,41.283683]
19	0.000000	[46.802878,6.592260,41.283683]	0.000000	[43.110845,31.128608,48.374552]
19	0.000000	[43.110845,31.128608,48.374552]	0.000000	[63.840622,34.420593,58.507361]
19	0.000000	[63.840622,34.420593,58.507361]	0.000000	[86.854606,37.251320,8.181248]
19	0.000000	[86.854606,37.251320,8.181248]	0.000000	[31.814439,54.554486,12.469089]
19	0.000000	[31.814439,54.554486,12.469089]	0.000000	[58.792497,51.565075,37.163631]
19	0.000000	[58.792497,51.565075,37.163631]	0.000000	[28.913448,68.398132,46.615318]
19	0.000000	[28.913448,68.398132,46.615318]	0.000000	[21.309395,57.864422,33.725741]
19	0.000000	[21.309395,57.864422,33.725741]	0.000000	[32.160296,75.904235,30.059706]
19	0.000000	[32.160296,75.904235,30.059706]	0.000000	[18.661823,54.912885,40.050122]
19	0.000000	[18.661823,54.912885,40.050122]	0.000000	[8.756877,41.362488,31.135218]
19	0.000000	[8.756877,41.362488,31.135218]	0.000000	[58.503863,70.632592,53.664323]
20	0.000000	[48.306949,44.291499,47.978101]	0.000000	[47.170642,47.501942,46.797210]
20	0.000000	[47.170642,47.501942,46.797210]	0.000000	[50.040016,46.260393,45.987355]
20	0.000000	[50.040016,46.260393,45.987355]	0.000000	[50.740035,44.610249,45.314198]
20	0.000000	[50.740035,44.610249,45.314198]	0.000000	[45.338698,45.805729,45.338503]
20	0.000000	[45.338698,45.805729,45.338503]	0.000000	[48.074698,50.602457,41.141645]
20	0.000000	[48.074698,50.602457,41.141645]	0.000000	[50.667445,43.762606,48.046887]
20	0.000000	[50.667445,43.762606,48.046887]	0.000000	[48.280138,44.147126,47.953267]
20	0.000000	[48.280138,44.147126,47.953267]	0.000000	[49.299012,45.004397,45.760527]
20	0.000000	[49.299012,45.004397,45.760527]	0.000000	[46.081024,47.178326,48.325046]
20	0.000000	[46.081024,47.178326,48.325046]	0.000000	[48.556835,49.991032,45.481124]
20	0.000000	[48.556835,49.991032,45.481124]	0.000000	[48.032352,48.507870,43.717045]
20	0.000000	[48.032352,48.507870,43.717045]	0.000000	[48.178009,47.091180,46.315743]
20	0.000000	[48.178009,47.091180,46.315743]	0.000000	[47.257377,50.821445,46.806220]
20	0.000000	[47.257377,50.821445,46.806220]	0.000000	[48.858811,47.840328,46.013055]
20	0.000000	[48.858811,47.840328,46.013055]	0.000000	[47.808973,48.516847,47.193390]
20	0.000000	[47.808973,48.516847,47.193390]	0.000000	[50.214937,50.250066,44.239471]
20	0.000000	[50.214937,50.250066,44.239471]	0.000000	[51.890737,44.199555,47.133622]
20	0.000000	[51.890737,44.199555,47.133622]	0.000000	[48.809000,46.159498,46.231737]
20	0.000000	[48.809000,46.159498,46.231737]	0.000000	[49.706249,43.324632,46.198895]
20	0.000000	[49.706249,43.324632,46.198895]	0.000000	[49.291722,49.517468,44.654889]
21	0.000000	[46.094929,47.137401,47.677356]	0.000000	[46.133154,47.359537,45.723306]
21	0.000000	[46.133154,47.359537,45.723306]	0.000000	[46.168371,46.308792,45.838076]
21	0.000000	[46.168371,46.308792,45.838076]	0.000000	[45.773031,46.940179,46.180653]
21	0.000000	[45.773031,46.940179,46.180653]	0.000000	[47.027935,47.016908,46.635191]
21	0.000000	[47.027935,47.016908,46.635191]	0.000000	[47.685513,47.304911,46.693992]
21	0.000000	[47.685513,47.304911,46.693992]	0.000000	[46.841178,48.473204,46.462394]
21	0.000000	[46.841178,48.473204,46.462394]	0.000000	[46.069948,46.405930,46.198162]
21	0.000000	[46.069948,46.405930,46.198162]	0.000000	[46.745514,47.128869,48.256551]
21	0.000000	[46.745514,47.128869,48.256551]	0.000000	[46.584402,47.452297,46.884252]
21	0.000000	[46.584402,47.452297,46.884252]	0.000000	[46.468378,47.548783,47.543322]
21	0.000000	[46.468378,47.548783,47.543322]	0.000000	[47.171861,47.338802,47.849869]
21	0.000000	[47.171861,47.338802,47.849869]	0.000000	[47.655415,47.726853,46.305428]
21	0.000000	[47.655415,47.726853,46.305428]	0.000000	[48.248549,46.811975,45.893320]
21	0.000000	[48.248549,46.811975,45.893320]	0.000000	[47.332105,48.525415,47.081471]
21	0.000000	[47.332105,48.525415,47.081471]	0.000000	[47.131416,46.810207,47.389138]
21	0.000000	[47.131416,46.810207,47.389138]	0.000000	[46.772980,46.992435,45.514780]
21	0.000000	[46.772980,46.992435,45.514780]	0.000000	[47.678543,47.405434,46.962490]
21	0.000000	[47.678543,47.405434,46.962490]	0.000000	[45.816028,46.337404,46.735745]
21	0.000000	[45.816028,46.337404,46.735745]	0.000000	[47.736632,46.436821,47.360473]
21	0.000000	[47.736632,46.436821,47.360473]	0.000000	[46.703120,47.267637,48.770961]
22	0.000000	[47.390308,45.568787,46.180045]	0.000000	[48.840340,47.027215,44.665162]
22	0.000000	[48.840340,47.027215,44.665162]	0.000000	[49.210099,47.417912,44.908477]
22	0.000000	[49.210099,47.417912,44.908477]	0.000000	[48.880901,46.863503,46.871260]
22	0.000000	[48.880901,46.863503,46.871260]	0.000000	[46.900607,45.379617,46.783795]
22	0.000000	[46.900607,45.379617,46.783795]	0.000000	[47.064873,47.691342,49.498013]
22	0.000000	[47.064873,47.691342,49.498013]	0.000000	[46.361694,46.472404,45.979727]
22	0.000000	[46.361694,46.472404,45.979727]	0.000000	[48.221500,47.182290,45.539783]
22	0.000000	[48.221500,47.182290,45.539783]	0.000000	[47.329621,45.603564,47.577366]
22	0.000000	[47.329621,45.603564,47.577366]	0.000000	[46.627888,48.980584,46.988580]
22	0.000000	[46.627888,48.980584,46.988580]	0.000000	[48.569043,46.838482,47.417655]
22	0.000000	[48.569043,46.838482,47.417655]	0.000000	[47.806254,48.388044,46.360687]
22	0.000000	[47.806254,48.388044,46.360687]	0.000000	[48.528561,46.617934,48.124276]
22	0.000000	[48.528561,46.617934,48.124276]	0.000000	[47.051928,45.801027,49.068769]
22	0.000000	[47.051928,45.801027,49.068769]	0.000000	[46.449154,46.667511,44.692385]
22	0.000000	[46.449154,46.667511,44.692385]	0.000000	[47.110298,45.099334,47.099419]
22	0.000000	[47.110298,45.099334,47.099419]	0.000000	[48.143941,45.671169,46.438274]
22	0.000000	[48.143941,45.671169,46.438274]	0.000000	[47.270685,47.429878,47.199166]
22	0.000000	[47.270685,47.429878,47.199166]	0.000000	[46.336683,45.984662,48.084709]
22	0.000000	[46.336683,45.984662,48.084709]	0.000000	[46.599629,46.445606,46.562909]
22	0.000000	[46.599629,46.445606,46.562909]	0.000000	[48.564292,47.314709,45.117158]
23	0.000000	[56.323704,48.556717,43.255533]	0.000000	[46.565527,53.441601,33.539129]
23	0.000000	[46.565527,53.441601,33.539129]	0.000000	[45.038618,43.696864,44.019826]
23	0.000000	[45.038618,43.696864,44.019826]	0.000000	[52.132443,42.170322,32.253310]
23	0.000000	[52.132443,42.170322,32.253310]	0.000000	[60.258676,33.347174,45.400373]
23	0.000000	[60.258676,33.347174,45.400373]	0.000000	[45.674928,52.754453,37.793452]
23	0.000000	[45.674928,52.754453,37.793452]	0.000000	[56.573724,37.413394,41.093270]
23	0.000000	[56.573724,37.413394,41.093270]	0.000000	[41.991736,45.901811,26.473824]
23	0.000000	[41.991736,45.901811,26.473824]	0.000000	[31.518623,65.663410,57.253542]
23	0.000000	[31.518623,65.663410,57.253542]	0.000000	[39.004951,45.102937,55.060400]
23	0.000000	[39.004951,45.102937,55.060400]	0.000000	[64.433965,45.800322,47.300460]
23	0.000000	[64.433965,45.800322,47.300460]	0.000000	[39.695716,57.914966,53.183238]
23	0.000000	[39.695716,57.914966,53.183238]	0.000000	[47.324873,58.178364,55.493111]
23	0.000000	[47.324873,58.178364,55.493111]	0.000000	[54.908254,51.918201,60.986211]
23	0.000000	[54.908254,51.918201,60.986211]	0.000000	[34.022013,47.312663,42.575513]
23	0.000000	[34.022013,47.312663,42.575513]	0.000000	[51.033654,48.467360,53.314861]
23	0.000000	[51.033654,48.467360,53.314861]	0.000000	[45.574712,55.794640,45.950603]
23	0.000000	[45.574712,55.794640,45.950603]	0.000000	[35.870435,45.879788,31.772350]
23	0.000000	[35.870435,45.879788,31.772350]	0.000000	[40.688014,45.541626,41.469105]
23	0.000000	[40.688014,45.541626,41.469105]	0.000000	[42.741984,44.066430,35.346403]
23	0.000000	[42.741984,44.066430,35.346403]	0.000000	[60.064563,42.462373,38.520313]
24	0.000000	[47.900688,48.025322,45.028783]	0.000000	[48.506786,46.154853,41.986517]
24	0.000000	[48.506786,46.154853,41.986517]	0.000000	[47.714854,47.217090,47.690850]
24	0.000000	[47.714854,47.217090,47.690850]	0.000000	[47.408347,47.085930,49.537495]
24	0.000000	[47.408347,47.085930,49.537495]	0.000000	[44.429124,50.185767,54.279931]
24	0.000000	[44.429124,50.185767,54.279931]	0.000000	[48.018687,44.280523,46.143440]
24	0.000000	[48.018687,44.280523,46.143440]	0.000000	[47.602680,46.569804,47.133763]
24	0.000000	[47.602680,46.569804,47.133763]	0.000000	[48.851356,45.248814,48.505284]
24	0.000000	[48.851356,45.248814,48.505284]	0.000000	[48.688484,48.703306,46.524386]
24	0.000000	[48.688484,48.703306,46.524386]	0.000000	[51.348071,44.358703,49.234472]
24	0.000000	[51.348071,44.358703,49.234472]	0.000000	[48.039211,44.335171,49.388136]
24	0.000000	[48.039211,44.335171,49.388136]	0.000000	[48.105632,49.763543,43.599034]
24	0.000000	[48.105632,49.763543,43.599034]	0.000000	[45.519383,45.105672,48.535883]
24	0.000000	[45.519383,45.105672,48.535883]	0.000000	[44.962872,45.427088,41.945836]
24	0.000000	[44.962872,45.427088,41.945836]	0.000000	[48.762886,47.875008,45.872546]
24	0.000000	[48.762886,47.875008,45.872546]	0.000000	[50.717207,47.109463,47.574314]
24	0.000000	[50.717207,47.109463,47.574314]	0.000000	[47.914920,49.563816,47.076581]
24	0.000000	[47.914920,49.563816,47.076581]	0.000000	[46.333805,46.507630,50.384434]
24	0.000000	[46.333805,46.507630,50.384434]	0.000000	[49.867979,46.645708,45.083695]
24	0.000000	[49.867979,46.645708,45.083695]	0.000000	[46.132705,48.750028,47.447010]
24	0.000000	[46.132705,48.750028,47.447010]	0.000000	[46.982622,45.996653,43.237896]
25	0.000000	[47.237059,43.184802,45.737493]	0.000000	[45.499317,49.228838,53.601291]
25	0.000000	[45.499317,49.228838,53.601291]	0.000000	[46.474727,47.934325,52.024684]
25	0.000000	[46.474727,47.934325,52.024684]	0.000000	[45.137489,52.701196,45.839703]
25	0.000000	[45.137489,52.701196,45.839703]	0.000000	[42.981420,44.275643,47.450764]
25	0.000000	[42.981420,44.275643,47.450764]	0.000000	[43.367443,49.230832,48.625270]
25	0.000000	[43.367443,49.230832,48.625270]	0.000000	[48.490850,44.583247,37.502459]
25	0.000000	[48.490850,44.583247,37.502459]	0.000000	[50.954364,45.214730,49.673210]
25	0.000000	[50.954364,45.214730,49.673210]	0.000000	[42.627617,45.719261,48.683812]
25	0.000000	[42.627617,45.719261,48.683812]	0.000000	[47.016834,41.527047,48.359371]
25	0.000000	[47.016834,41.527047,48.359371]	0.000000	[48.756883,44.597330,44.502410]
25	0.000000	[48.756883,44.597330,44.502410]	0.000000	[48.768609,44.001240,52.566253]
25	0.000000	[48.768609,44.001240,52.566253]	0.000000	[49.702918,48.477918,43.616953]
25	0.000000	[49.702918,48.477918,43.616953]	0.000000	[48.775296,43.616982,49.357053]
25	0.000000	[48.775296,43.616982,49.357053]	0.000000	[48.760920,46.777830,46.353224]
25	0.000000	[48.760920,46.777830,46.353224]	0.000000	[44.220452,46.704898,45.500867]
25	0.000000	[44.220452,46.704898,45.500867]	0.000000	[41.865725,45.630968,46.829542]
25	0.000000	[41.865725,45.630968,46.829542]	0.000000	[47.348588,48.087474,49.046598]
25	0.000000	[47.348588,48.087474,49.046598]	0.000000	[42.472238,47.464074,42.954973]
25	0.000000	[42.472238,47.464074,42.954973]	0.000000	[48.645491,47.794132,49.951898]
25	0.000000	[48.645491,47.794132,49.951898]	0.000000	[46.555113,47.221450,48.590005]
26	0.000000	[46.186717,46.516301,46.167314]	0.000000	[46.611115,48.471621,45.643681]
26	0.000000	[46.611115,48.471621,45.643681]	0.000000	[46.501664,47.434645,46.759941]
26	0.000000	[46.501664,47.434645,46.759941]	0.000000	[48.563984,47.155126,46.442199]
26	0.000000	[48.563984,47.155126,46.442199]	0.000000	[47.555071,46.800312,45.913906]
26	0.000000	[47.555071,46.800312,45.913906]	0.000000	[46.960270,46.235691,47.547903]
26	0.000000	[46.960270,46.235691,47.547903]	0.000000	[45.159103,46.750297,47.186604]
26	0.000000	[45.159103,46.750297,47.186604]	0.000000	[47.355932,46.805769,46.620921]
26	0.000000	[47.355932,46.805769,46.620921]	0.000000	[47.101228,47.982184,46.798510]
26	0.000000	[47.101228,47.982184,46.798510]	0.000000	[47.317215,47.054173,48.358105]
26	0.000000	[47.317215,47.054173,48.358105]	0.000000	[45.875911,47.730043,47.563230]
26	0.000000	[45.875911,47.730043,47.563230]	0.000000	[46.467399,45.492166,47.184475]
26	0.000000	[46.467399,45.492166,47.184475]	0.000000	[45.956962,47.940592,46.991007]
26	0.000000	[45.956962,47.940592,46.991007]	0.000000	[46.394989,47.733814,46.428704]
26	0.000000	[46.394989,47.733814,46.428704]	0.000000	[46.697200,47.458496,45.082176]
26	0.000000	[46.697200,47.458496,45.082176]	0.000000	[48.309528,45.150439,47.428249]
26	0.000000	[48.309528,45.150439,47.428249]	0.000000	[46.803408,46.183641,46.975374]
26	0.000000	[46.803408,46.183641,46.975374]	0.000000	[46.893677,46.741601,45.794189]
26	0.000000	[46.893677,46.741601,45.794189]	0.000000	[45.935256,47.162563,48.685250]
26	0.000000	[45.935256,47.162563,48.685250]	0.000000	[47.685709,47.522764,47.592791]
26	0.000000	[47.685709,47.522764,47.592791]	0.000000	[45.821795,47.582868,46.150043]
27	0.000000	[49.468873,45.593906,48.750805]	0.000000	[39.037831,42.938689,47.337383]
27	0.000000	[39.037831,42.938689,47.337383]	0.000000	[47.044928,46.457435,40.967885]
27	0.000000	[47.044928,46.457435,40.967885]	0.000000	[47.582073,43.823055,45.910223]
27	0.000000	[47.582073,43.823055,45.910223]	0.000000	[46.238471,45.135400,48.223662]
27	0.000000	[46.238471,45.135400,48.223662]	0.000000	[43.770617,45.044464,46.658165]
27	0.000000	[43.770617,45.044464,46.658165]	0.000000	[45.670781,46.456468,49.975403]
27	0.000000	[45.670781,46.456468,49.975403]	0.000000	[48.874857,47.375945,41.644400]
27	0.000000	[48.874857,47.375945,41.644400]	0.000000	[50.196257,45.135212,46.876674]
27	0.000000	[50.196257,45.135212,46.876674]	0.000000	[47.025017,44.713847,46.290267]
27	0.000000	[47.025017,44.713847,46.290267]	0.000000	[44.848916,45.858428,53.510571]
27	0.000000	[44.848916,45.858428,53.510571]	0.000000	[45.403909,43.632077,45.659153]
27	0.000000	[45.403909,43.632077,45.659153]	0.000000	[45.131482,45.224395,45.422692]
27	0.000000	[45.131482,45.224395,45.422692]	0.000000	[46.917529,44.272176,46.410986]
27	0.000000	[46.917529,44.272176,46.410986]	0.000000	[44.190960,46.143037,47.042099]
27	0.000000	[44.190960,46.143037,47.042099]	0.000000	[46.939475,44.291628,48.444066]
27	0.000000	[46.939475,44.291628,48.444066]	0.000000	[43.125828,43.863509,46.290668]
27	0.000000	[43.125828,43.863509,46.290668]	0.000000	[45.949467,45.934788,48.011261]
27	0.000000	[45.949467,45.934788,48.011261]	0.000000	[51.621791,45.345773,49.844440]
27	0.000000	[51.621791,45.345773,49.844440]	0.000000	[45.780951,51.862575,48.638934]
27	0.000000	[45.780951,51.862575,48.638934]	0.000000	[49.218683,45.656063,48.098590]
28	0.000000	[48.551950,48.759105,45.626544]	0.000000	[47.103746,44.826189,48.338312]
28	0.000000	[47.103746,44.826189,48.338312]	0.000000	[46.398003,46.332166,46.135401]
28	0.000000	[46.398003,46.332166,46.135401]	0.000000	[47.659085,47.013051,48.426657]
28	0.000000	[47.659085,47.013051,48.426657]	0.000000	[46.192851,48.337377,46.976784]
28	0.000000	[46.192851,48.337377,46.976784]	0.000000	[47.704001,48.652218,46.637817]
28	0.000000	[47.704001,48.652218,46.637817]	0.000000	[46.958649,44.671995,47.897590]
28	0.000000	[46.958649,44.671995,47.897590]	0.000000	[47.126277,45.707200,46.534876]
28	0.000000	[47.126277,45.707200,46.534876]	0.000000	[49.552658,46.255729,46.176426]
28	0.000000	[49.552658,46.255729,46.176426]	0.000000	[47.349412,46.244121,45.177571]
28	0.000000	[47.349412,46.244121,45.177571]	0.000000	[47.102255,45.946509,47.308622]
28	0.000000	[47.102255,45.946509,47.308622]	0.000000	[44.224519,45.808078,46.869386]
28	0.000000	[44.224519,45.808078,46.869386]	0.000000	[49.020977,48.613508,47.831814]
28	0.000000	[49.020977,48.613508,47.831814]	0.000000	[46.171542,48.439902,48.944789]
28	0.000000	[46.171542,48.439902,48.944789]	0.000000	[47.047955,48.459041,48.435009]
28	0.000000	[47.047955,48.459041,48.435009]	0.000000	[47.856414,46.320375,45.881862]
28	0.000000	[47.856414,46.320375,45.881862]	0.000000	[47.521428,47.848280,47.359631]
28	0.000000	[47.521428,47.848280,47.359631]	0.000000	[48.585428,46.637395,44.951131]
28	0.000000	[48.585428,46.637395,44.951131]	0.000000	[47.823676,49.384070,45.227069]
28	0.000000	[47.823676,49.384070,45.227069]	0.000000	[47.992993,47.685031,47.817907]
28	0.000000	[47.992993,47.685031,47.817907]	0.000000	[47.502266,48.223446,45.296016]
29	0.000000	[41.817043,49.155223,47.407312]	0.000000	[46.563724,43.021248,46.512821]
29	0.000000	[46.563724,43.021248,46.512821]	0.000000	[47.196239,49.281158,45.208114]
29	0.000000	[47.196239,49.281158,45.208114]	0.000000	[47.123342,49.194843,44.011565]
29	0.000000	[47.123342,49.194843,44.011565]	0.000000	[44.710325,47.055766,46.748513]
29	0.000000	[44.710325,47.055766,46.748513]	0.000000	[43.681824,41.034245,44.038487]
29	0.000000	[43.681824,41.034245,44.038487]	0.000000	[48.192144,40.542831,45.219244]
29	0.000000	[48.192144,40.542831,45.219244]	0.000000	[40.994026,46.231344,46.689159]
29	0.000000	[40.994026,46.231344,46.689159]	0.000000	[46.020500,45.104188,44.182181]
29	0.000000	[46.020500,45.104188,44.182181]	0.000000	[48.643639,43.882080,46.419785]
29	0.000000	[48.643639,43.882080,46.419785]	0.000000	[51.579336,47.196386,47.283073]
29	0.000000	[51.579336,47.196386,47.283073]	0.000000	[47.531440,46.059716,42.532431]
29	0.000000	[47.531440,46.059716,42.532431]	0.000000	[42.233818,51.989282,43.582288]
29	0.000000	[42.233818,51.989282,43.582288]	0.000000	[46.320060,50.470888,45.613955]
29	0.000000	[46.320060,50.470888,45.613955]	0.000000	[46.572769,48.244697,42.461236]
29	0.000000	[46.572769,48.244697,42.461236]	0.000000	[44.854264,48.304910,46.322493]
29	0.000000	[44.854264,48.304910,46.322493]	0.000000	[47.844185,45.358722,47.353200]
29	0.000000	[47.844185,45.358722,47.353200]	0.000000	[48.136522,45.415489,44.859734]
29	0.000000	[48.136522,45.415489,44.859734]	0.000000	[50.688665,45.715727,43.358961]
29	0.000000	[50.688665,45.715727,43.358961]	0.000000	[42.806150,46.051214,43.517405]
29	0.000000	[42.806150,46.051214,43.517405]	0.000000	[49.221536,47.811538,44.746955]
30	0.000000	[46.916185,51.943069,47.897384]	0.000000	[48.033162,49.613934,44.139971]
30	0.000000	[48.033162,49.613934,44.139971]	0.000000	[46.167436,45.431390,44.252491]
30	0.000000	[46.167436,45.431390,44.252491]	0.000000	[44.640871,51.607377,50.343934]
30	0.000000	[44.640871,51.607377,50.343934]	0.000000	[48.293967,48.998192,46.236142]
30	0.000000	[48.293967,48.998192,46.236142]	0.000000	[43.665778,46.386174,46.638177]
30	0.000000	[43.665778,46.386174,46.638177]	0.000000	[47.901804,46.592181,44.925057]
30	0.000000	[47.901804,46.592181,44.925057]	0.000000	[48.610161,46.549170,44.981153]
30	0.000000	[48.610161,46.549170,44.981153]	0.000000	[47.139649,49.549938,45.585764]
30	0.000000	[47.139649,49.549938,45.585764]	0.000000	[47.690792,46.148461,45.144558]
30	0.000000	[47.690792,46.148461,45.144558]	0.000000	[46.291132,49.234602,49.714429]
30	0.000000	[46.291132,49.234602,49.714429]	0.000000	[45.513184,45.275129,43.367971]
30	0.000000	[45.513184,45.275129,43.367971]	0.000000	[47.513623,48.795555,47.679206]
30	0.000000	[47.513623,48.795555,47.679206]	0.000000	[43.145578,47.055281,45.749819]
30	0.000000	[43.145578,47.055281,45.749819]	0.000000	[48.792725,45.055980,46.448473]
30	0.000000	[48.792725,45.055980,46.448473]	0.000000	[48.976792,48.380825,44.115078]
30	0.000000	[48.976792,48.380825,44.115078]	0.000000	[48.443284,47.400511,44.577572]
30	0.000000	[48.443284,47.400511,44.577572]	0.000000	[48.325959,46.447806,49.043646]
30	0.000000	[48.325959,46.447806,49.043646]	0.000000	[44.122226,46.341546,46.689245]
30	0.000000	[44.122226,46.341546,46.689245]	0.000000	[48.699925,48.682669,43.971319]
30	0.000000	[48.699925,48.682669,43.971319]	0.000000	[45.060989,45.366552,47.980213]
