Run	Fitness1	Solution1	Fitness2	Solution2
1	2.9299400860277904e+00	[58.41355115863456,49.63616750354394,59.30541382885847]	2.1592061289941364e-01	[48.73074865659373,51.8670684835774,52.6934718468183]
1	2.1592061289941364e-01	[48.73074865659373,51.8670684835774,52.6934718468183]	1.7896166861170439e+00	[48.32517032647315,46.63849379121157,44.70055709995151]
1	1.7896166861170439e+00	[48.32517032647315,46.63849379121157,44.70055709995151]	5.1563682468832965e+00	[57.42767526901874,52.78384959895848,64.23294080012703]
1	5.1563682468832965e+00	[57.42767526901874,52.78384959895848,64.23294080012703]	1.3587897906882003e+00	[58.0709110764076,49.878460308682456,53.84059924632332]
1	1.3587897906882003e+00	[58.0709110764076,49.878460308682456,53.84059924632332]	2.8219490275373516e-01	[52.38468525556615,53.202767533967325,53.77270882063724]
1	2.8219490275373516e-01	[52.38468525556615,53.202767533967325,53.77270882063724]	5.7971805111456398e-01	[53.47328918638791,46.991041695049695,51.949708742142356]
1	5.7971805111456398e-01	[53.47328918638791,46.991041695049695,51.949708742142356]	2.2140384794393437e+00	[59.15974315527212,46.237014978927746,52.71019009967161]
1	2.2140384794393437e+00	[59.15974315527212,46.237014978927746,52.71019009967161]	9.2709908617707570e-01	[55.48224497111642,47.24942799028899,49.3144190985994]
1	9.2709908617707570e-01	[55.48224497111642,47.24942799028899,49.3144190985994]	1.1903022590065659e+00	[51.36108974431254,45.12243369433368,54.534002888478526]
1	1.1903022590065659e+00	[51.36108974431254,45.12243369433368,54.534002888478526]	9.4059684418319667e-01	[55.044927874116645,52.89284606689242,46.657001865213985]
1	9.4059684418319667e-01	[55.044927874116645,52.89284606689242,46.657001865213985]	7.9766626110525141e-01	[47.39146809000315,47.60435357042368,53.31283356058317]
1	7.9766626110525141e-01	[47.39146809000315,47.60435357042368,53.31283356058317]	1.9446068064161934e+00	[53.203689112713484,57.61409041936302,45.36863013605182]
1	1.9446068064161934e+00	[53.203689112713484,57.61409041936302,45.36863013605182]	5.7922523390855951e-01	[46.73705980284747,49.46992474315962,51.45688506063212]
1	5.7922523390855951e-01	[46.73705980284747,49.46992474315962,51.45688506063212]	7.4298371274780797e-02	[50.92897752982951,50.63351925367632,49.6389210922981]
1	7.4298371274780797e-02	[50.92897752982951,50.63351925367632,49.6389210922981]	4.5427891273535508e+00	[39.25304737190308,48.6538464352477,45.44040946426587]
1	4.5427891273535508e+00	[39.25304737190308,48.6538464352477,45.44040946426587]	1.6611669517540470e-01	[52.40002299882276,53.42406013166818,52.09607163504424]
1	1.6611669517540470e-01	[52.40002299882276,53.42406013166818,52.09607163504424]	4.2093242875121323e-01	[49.25308305424002,49.48766171634606,48.07681523638749]
1	4.2093242875121323e-01	[49.25308305424002,49.48766171634606,48.07681523638749]	7.9860243951978827e-01	[48.69444180591762,54.3035929177177,47.174898520234045]
1	7.9860243951978827e-01	[48.69444180591762,54.3035929177177,47.174898520234045]	1.9484814330777371e+00	[58.048065788734135,48.54692475207336,56.30055544017306]
1	1.9484814330777371e+00	[58.048065788734135,48.54692475207336,56.30055544017306]	2.3176915969532980e-01	[52.38403129745134,52.491985242041814,53.818040970739055]
2	2.0803060902404374e-01	[49.59220126008828,53.22980165247887,52.59577504777491]	6.4821869425121781e-01	[50.15943869292946,46.43173450006585,49.843463833590285]
2	6.4821869425121781e-01	[50.15943869292946,46.43173450006585,49.843463833590285]	9.8505289024201956e-02	[51.82117493244952,52.877760527446014,52.27573595913325]
2	9.8505289024201956e-02	[51.82117493244952,52.877760527446014,52.27573595913325]	5.8887294106246013e-01	[47.335357042682546,53.512528576358825,53.11827253961069]
2	5.8887294106246013e-01	[47.335357042682546,53.512528576358825,53.11827253961069]	2.4238782155855845e-01	[52.57646424316183,49.22725393779387,53.2558752677371]
2	2.4238782155855845e-01	[52.57646424316183,49.22725393779387,53.2558752677371]	1.8003640211032240e-01	[52.95752743628667,51.29219469933479,49.143446385819544]
2	1.8003640211032240e-01	[52.95752743628667,51.29219469933479,49.143446385819544]	3.5223685853775538e-01	[54.282474842612054,53.27504476664045,52.25323399580069]
2	3.5223685853775538e-01	[54.282474842612054,53.27504476664045,52.25323399580069]	1.7065109940938547e-01	[53.02407741210957,51.0484689039893,49.304116036669086]
2	1.7065109940938547e-01	[53.02407741210957,51.0484689039893,49.304116036669086]	1.2675964822501393e-01	[51.98713905752551,52.30623399568445,53.1241554806046]
2	1.2675964822501393e-01	[51.98713905752551,52.30623399568445,53.1241554806046]	7.7614459888465070e-01	[53.81689656050611,55.7642886621074,49.120425123410016]
2	7.7614459888465070e-01	[53.81689656050611,55.7642886621074,49.120425123410016]	5.9681354428992917e-01	[50.35091651623554,51.954192870651596,56.038223158411526]
2	5.9681354428992917e-01	[50.35091651623554,51.954192870651596,56.038223158411526]	7.2463029278626845e-01	[50.161354553097645,47.121264522572154,47.894701276199996]
2	7.2463029278626845e-01	[50.161354553097645,47.121264522572154,47.894701276199996]	4.4117080078027454e-01	[51.78101749047581,51.15445554337472,55.4484779690567]
2	4.4117080078027454e-01	[51.78101749047581,51.15445554337472,55.4484779690567]	1.0800978079333079e+00	[48.69378529372234,46.04793313750029,54.45761176501979]
2	1.0800978079333079e+00	[48.69378529372234,46.04793313750029,54.45761176501979]	6.9379104011309212e-01	[51.08288900822675,46.42003116338009,53.452214515250645]
2	6.9379104011309212e-01	[51.08288900822675,46.42003116338009,53.452214515250645]	3.7224028316684216e-01	[54.94738103949412,50.04816158352757,51.10732780199954]
2	3.7224028316684216e-01	[54.94738103949412,50.04816158352757,51.10732780199954]	1.0912063182777550e-01	[52.1821056765921,51.95566239979127,53.0080631855574]
2	1.0912063182777550e-01	[52.1821056765921,51.95566239979127,53.0080631855574]	4.8118219253845562e-01	[54.35899849860029,48.115007770635025,50.97632126290814]
2	4.8118219253845562e-01	[54.35899849860029,48.115007770635025,50.97632126290814]	2.5235726845781126e-01	[53.680597824216626,53.21804224051842,50.55399385301884]
2	2.5235726845781126e-01	[53.680597824216626,53.21804224051842,50.55399385301884]	6.0339299211044273e-01	[52.0453449363176,48.57943209592351,55.342316542906275]
2	6.0339299211044273e-01	[52.0453449363176,48.57943209592351,55.342316542906275]	4.7076911533110988e-01	[54.12784212556057,54.10963376815181,49.61834214840666]
3	4.2106974321488681e-02	[52.21278265323027,50.34090300832004,51.31762068624312]	8.5413220750952146e-01	[46.330382014161025,51.23757080466767,48.00390569669499]
3	8.5413220750952146e-01	[46.330382014161025,51.23757080466767,48.00390569669499]	1.3898315319838708e+00	[54.97936519112276,57.68830112020319,50.245024236548204]
3	1.3898315319838708e+00	[54.97936519112276,57.68830112020319,50.245024236548204]	3.3376229806896429e-01	[52.99785209562334,54.24705615871127,50.0126965093267]
3	3.3376229806896429e-01	[52.99785209562334,54.24705615871127,50.0126965093267]	6.1606781888506068e-01	[54.90643852785642,54.43420395894435,52.46821348679106]
3	6.1606781888506068e-01	[54.90643852785642,54.43420395894435,52.46821348679106]	9.8592100257855586e-01	[53.88402594461952,56.828765477671105,49.85716125420377]
3	9.8592100257855586e-01	[53.88402594461952,56.828765477671105,49.85716125420377]	4.7249154288893896e-01	[51.45561864837448,48.81009319650385,54.88475738968327]
3	4.7249154288893896e-01	[51.45561864837448,48.81009319650385,54.88475738968327]	5.7436634767921557e-01	[55.331366635774046,48.86322337196326,52.23862447973602]
3	5.7436634767921557e-01	[55.331366635774046,48.86322337196326,52.23862447973602]	9.9254708194279351e-01	[56.83697429775581,53.10174801164013,48.87595290204613]
3	9.9254708194279351e-01	[56.83697429775581,53.10174801164013,48.87595290204613]	1.4868728867691421e+00	[56.85274143072031,48.744896818306955,56.00887568802208]
3	1.4868728867691421e+00	[56.85274143072031,48.744896818306955,56.00887568802208]	3.4097626931153346e-01	[54.36039066737116,51.502332502382764,49.216551367237415]
3	3.4097626931153346e-01	[54.36039066737116,51.502332502382764,49.216551367237415]	1.0205000864163839e-01	[52.17814826475581,49.63285111805547,52.094043788925745]
3	1.0205000864163839e-01	[52.17814826475581,49.63285111805547,52.094043788925745]	1.5976973402283774e+00	[57.3677492519315,46.146390338724075,52.418924045967096]
3	1.5976973402283774e+00	[57.3677492519315,46.146390338724075,52.418924045967096]	8.3564892310167338e-01	[46.82688630952706,51.57546220494629,47.46599101479524]
3	8.3564892310167338e-01	[46.82688630952706,51.57546220494629,47.46599101479524]	1.0319352776185629e-01	[52.56379127548541,52.6711082698792,51.936604968572766]
3	1.0319352776185629e-01	[52.56379127548541,52.6711082698792,51.936604968572766]	1.8666852798701572e-01	[48.85215030398321,49.91869273806948,50.89943050889381]
3	1.8666852798701572e-01	[48.85215030398321,49.91869273806948,50.89943050889381]	1.9428030150229532e+00	[56.09449149618359,58.681122065329895,50.94748833956356]
3	1.9428030150229532e+00	[56.09449149618359,58.681122065329895,50.94748833956356]	2.2314156448252653e+00	[59.18929693826268,56.43712606626705,50.51035239703439]
3	2.2314156448252653e+00	[59.18929693826268,56.43712606626705,50.51035239703439]	1.1118952771067208e+00	[57.7469405514114,52.800100905671606,50.54704374771146]
3	1.1118952771067208e+00	[57.7469405514114,52.800100905671606,50.54704374771146]	5.5553360721878298e-01	[55.84098714637847,50.43119785337473,50.34492783164021]
3	5.5553360721878298e-01	[55.84098714637847,50.43119785337473,50.34492783164021]	1.0182886262472597e+00	[56.12128548948998,54.77794107474885,53.51187999561397]
4	7.3230836268453614e-01	[52.53567361912992,46.698425144408,48.52663593950433]	1.3309604742205883e+00	[45.81896576458035,55.6619512518488,48.99374236663536]
4	1.3309604742205883e+00	[45.81896576458035,55.6619512518488,48.99374236663536]	7.5924513078886757e-01	[49.96073247822983,55.72983415177032,48.23118989009704]
4	7.5924513078886757e-01	[49.96073247822983,55.72983415177032,48.23118989009704]	1.7733132627626624e-01	[53.43776221584041,50.17500835598911,50.10915811258411]
4	1.7733132627626624e-01	[53.43776221584041,50.17500835598911,50.10915811258411]	2.3357324057517448e-01	[51.88763478030015,48.679693514272316,49.65902565490769]
4	2.3357324057517448e-01	[51.88763478030015,48.679693514272316,49.65902565490769]	2.4551224329441498e-01	[50.43101089828445,54.11089757374069,52.315675529302766]
4	2.4551224329441498e-01	[50.43101089828445,54.11089757374069,52.315675529302766]	9.5898377394226642e-01	[45.65469098401407,48.58643808591318,52.01598209572021]
4	9.5898377394226642e-01	[45.65469098401407,48.58643808591318,52.01598209572021]	3.1134685908921389e-01	[52.03896651741771,50.655067411778575,54.66790823615577]
4	3.1134685908921389e-01	[52.03896651741771,50.655067411778575,54.66790823615577]	1.6299880819851742e+00	[43.20000393682698,50.70673069970149,50.19224975882338]
4	1.6299880819851742e+00	[43.20000393682698,50.70673069970149,50.19224975882338]	7.0498820408178042e-01	[48.44436380109316,48.29987645126417,47.768350163449185]
4	7.0498820408178042e-01	[48.44436380109316,48.29987645126417,47.768350163449185]	3.2056061407863873e-01	[51.58018755345848,54.431833075044096,49.57395391899737]
4	3.2056061407863873e-01	[51.58018755345848,54.431833075044096,49.57395391899737]	1.5913009462870631e-01	[53.663814663614744,50.45521724867824,51.44148072090417]
4	1.5913009462870631e-01	[53.663814663614744,50.45521724867824,51.44148072090417]	1.3386261898854077e+00	[54.72414110212315,57.74690202278189,51.15194316107245]
4	1.3386261898854077e+00	[54.72414110212315,57.74690202278189,51.15194316107245]	4.1106991639097112e-01	[48.08384947912771,49.162684297678275,49.70713396001682]
4	4.1106991639097112e-01	[48.08384947912771,49.162684297678275,49.70713396001682]	2.7461813545346309e-01	[53.39668627136999,52.60956743795332,49.07630046735128]
4	2.7461813545346309e-01	[53.39668627136999,52.60956743795332,49.07630046735128]	4.5105914737008779e-01	[51.786606492041905,55.27918769786166,49.9064818207019]
4	4.5105914737008779e-01	[51.786606492041905,55.27918769786166,49.9064818207019]	3.3237781367326513e-01	[50.72492079731671,54.03184672620698,53.59340900601419]
4	3.3237781367326513e-01	[50.72492079731671,54.03184672620698,53.59340900601419]	4.0560455818225633e-01	[55.2492332637979,51.18140198128069,51.94085483627119]
4	4.0560455818225633e-01	[55.2492332637979,51.18140198128069,51.94085483627119]	2.9324884211070062e-01	[51.674336816604665,48.24947882251611,49.58100927251943]
4	2.9324884211070062e-01	[51.674336816604665,48.24947882251611,49.58100927251943]	8.6972423917723118e-01	[46.12959202806892,52.67777212096427,48.584486053714755]
4	8.6972423917723118e-01	[46.12959202806892,52.67777212096427,48.584486053714755]	6.1193587090422163e-01	[55.91100138608087,50.823651447329716,49.532543340984965]
5	8.9189147682778547e-01	[53.882237193054145,46.18157423463306,49.34416782004228]	2.8134662459162740e-01	[50.096931487951466,54.42960062959227,51.35315739271153]
5	2.8134662459162740e-01	[50.096931487951466,54.42960062959227,51.35315739271153]	2.3580594032441515e-01	[51.70708755765317,52.18777085482534,48.328490284159464]
5	2.3580594032441515e-01	[51.70708755765317,52.18777085482534,48.328490284159464]	5.1466361028782681e-01	[51.813032429799726,50.1030274382725,55.639903928297045]
5	5.1466361028782681e-01	[51.813032429799726,50.1030274382725,55.639903928297045]	3.2669579160769180e-01	[53.59345697270582,53.92882045598679,52.02516017736413]
5	3.2669579160769180e-01	[53.59345697270582,53.92882045598679,52.02516017736413]	8.5813473886655378e-01	[50.07946645728846,45.83407482665246,53.294355803875945]
5	8.5813473886655378e-01	[50.07946645728846,45.83407482665246,53.294355803875945]	2.2184020554849659e-01	[50.02647136411514,52.59110521892305,48.848792111606535]
5	2.2184020554849659e-01	[50.02647136411514,52.59110521892305,48.848792111606535]	1.0148662325208430e-01	[52.621851509764895,51.17814005719484,52.75470106833695]
5	1.0148662325208430e-01	[52.621851509764895,51.17814005719484,52.75470106833695]	6.6071632025347982e-01	[50.91933670841585,48.34756829745331,55.52898415808118]
5	6.6071632025347982e-01	[50.91933670841585,48.34756829745331,55.52898415808118]	1.5799410287446913e-01	[51.61041598100575,53.63942851371252,50.46986814859496]
5	1.5799410287446913e-01	[51.61041598100575,53.63942851371252,50.46986814859496]	8.5483268939295587e-02	[49.94411443562015,49.96902306368221,50.81554092833251]
5	8.5483268939295587e-02	[49.94411443562015,49.96902306368221,50.81554092833251]	1.1480839507259392e-01	[52.42241012840589,52.908203985550244,50.49401470800576]
5	1.1480839507259392e-01	[52.42241012840589,52.908203985550244,50.49401470800576]	1.1142411078087811e+00	[52.18676500405937,48.05227194590759,57.09127957711917]
5	1.1142411078087811e+00	[52.18676500405937,48.05227194590759,57.09127957711917]	4.2366397007031009e-01	[52.58980845176142,49.89920669735294,54.936994215252334]
5	4.2366397007031009e-01	[52.58980845176142,49.89920669735294,54.936994215252334]	5.2005812999727796e-01	[50.86329194457197,50.48270616537958,55.76517755662642]
5	5.2005812999727796e-01	[50.86329194457197,50.48270616537958,55.76517755662642]	1.3732276049072670e-01	[50.38543303090208,51.27721900083175,53.45559037404957]
5	1.3732276049072670e-01	[50.38543303090208,51.27721900083175,53.45559037404957]	5.5411203488788106e-02	[49.875608996055725,51.582001868404916,50.694936502823694]
5	5.5411203488788106e-02	[49.875608996055725,51.582001868404916,50.694936502823694]	3.8645436383425942e-02	[50.15915661003033,51.906133537959114,51.26366669314601]
5	3.8645436383425942e-02	[50.15915661003033,51.906133537959114,51.26366669314601]	3.9344598248571344e-01	[49.87745787940803,49.415902582566396,47.964041886296165]
5	3.9344598248571344e-01	[49.87745787940803,49.415902582566396,47.964041886296165]	3.0503612889130893e-02	[50.45323423326811,52.05438079891688,51.325541266633934]
5	3.0503612889130893e-02	[50.45323423326811,52.05438079891688,51.325541266633934]	3.5437806476560932e-02	[52.38974314861015,51.052752518465105,51.62790054498353]
6	2.3808355780503283e-02	[51.98542690913114,51.64655215775009,51.80576235239905]	3.0027868478689695e-01	[54.28248925086319,52.05672975788572,52.78390632823788]
6	3.0027868478689695e-01	[54.28248925086319,52.05672975788572,52.78390632823788]	1.7483160937520634e-01	[52.17529326533384,48.766842119938545,51.605551409569784]
6	1.7483160937520634e-01	[52.17529326533384,48.766842119938545,51.605551409569784]	4.5481032033891929e-02	[51.275565795451904,49.992003884279875,50.68215781724047]
6	4.5481032033891929e-02	[51.275565795451904,49.992003884279875,50.68215781724047]	1.0853433575545814e-01	[50.969518772322104,51.41185442524758,53.332542933437814]
6	1.0853433575545814e-01	[50.969518772322104,51.41185442524758,53.332542933437814]	1.3123117799197290e-01	[49.6218057956763,51.373022321858286,52.89515721122548]
6	1.3123117799197290e-01	[49.6218057956763,51.373022321858286,52.89515721122548]	2.8571758107630041e-01	[52.0989471282912,54.480033877685,50.5670730876196]
6	2.8571758107630041e-01	[52.0989471282912,54.480033877685,50.5670730876196]	2.0619063653056494e-02	[50.81461643560921,50.864878930223675,50.502952485394125]
6	2.0619063653056494e-02	[50.81461643560921,50.864878930223675,50.502952485394125]	4.4840584304625959e-02	[52.41453744303358,51.89223317598031,51.54844435717595]
6	4.4840584304625959e-02	[52.41453744303358,51.89223317598031,51.54844435717595]	8.5854511754441198e-02	[51.398629306224535,51.65753544347783,53.075224938214724]
6	8.5854511754441198e-02	[51.398629306224535,51.65753544347783,53.075224938214724]	3.8181400110919542e-02	[51.355617680213776,52.504165392789005,51.15938683776853]
6	3.8181400110919542e-02	[51.355617680213776,52.504165392789005,51.15938683776853]	1.7231230432587197e-01	[52.60389644652723,53.438709970150136,51.8766859316122]
6	1.7231230432587197e-01	[52.60389644652723,53.438709970150136,51.8766859316122]	4.0688384867881722e-01	[49.23662190939317,51.498833546525184,54.77537123306509]
6	4.0688384867881722e-01	[49.23662190939317,51.498833546525184,54.77537123306509]	1.0349956074559372e-01	[51.47868722739092,49.241009015775035,50.83439089020548]
6	1.0349956074559372e-01	[51.47868722739092,49.241009015775035,50.83439089020548]	7.4470647316263322e-02	[52.95994557155692,50.88868580008611,51.34342733377053]
6	7.4470647316263322e-02	[52.95994557155692,50.88868580008611,51.34342733377053]	1.8819731051683342e-01	[51.50879536559845,48.648368051257215,52.175477560517805]
6	1.8819731051683342e-01	[51.50879536559845,48.648368051257215,52.175477560517805]	5.9960847803464633e-02	[50.35971355760452,51.07862344105903,52.538234733413354]
6	5.9960847803464633e-02	[50.35971355760452,51.07862344105903,52.538234733413354]	1.1830655458952820e-01	[51.53597260451782,49.37727334803102,52.373827976812116]
6	1.1830655458952820e-01	[51.53597260451782,49.37727334803102,52.373827976812116]	6.7343063810028414e-02	[51.666651658148574,52.40973379145857,52.36734940648644]
6	6.7343063810028414e-02	[51.666651658148574,52.40973379145857,52.36734940648644]	1.5575882405589059e-01	[51.084011292995214,50.06904027667447,53.47287087530386]
6	1.5575882405589059e-01	[51.084011292995214,50.06904027667447,53.47287087530386]	6.8952377824623545e-02	[51.61341718189411,52.524738638105596,52.28701368638922]
7	2.4934969007139166e-02	[50.56106030280994,51.59442561447221,50.56099156046236]	9.7177273090709962e-02	[50.313239305062304,51.46706609800661,49.49455698901097]
7	9.7177273090709962e-02	[50.313239305062304,51.46706609800661,49.49455698901097]	2.5044071229056164e-02	[50.49653557400001,50.55072683749694,51.112639882844576]
7	2.5044071229056164e-02	[50.49653557400001,50.55072683749694,51.112639882844576]	6.4919223734393128e-02	[51.45241751456224,51.01294775581765,52.85558356467517]
7	6.4919223734393128e-02	[51.45241751456224,51.01294775581765,52.85558356467517]	6.0719062463536748e-02	[51.23553288192421,50.244356761691165,52.475102119791266]
7	6.0719062463536748e-02	[51.23553288192421,50.244356761691165,52.475102119791266]	2.4147650937137326e-02	[51.68870799019044,52.02732293214847,50.771044434079386]
7	2.4147650937137326e-02	[51.68870799019044,52.02732293214847,50.771044434079386]	5.8725189244497912e-02	[50.07907228746433,52.25263340559852,51.00781480397756]
7	5.8725189244497912e-02	[50.07907228746433,52.25263340559852,51.00781480397756]	2.5075004024358882e-03	[50.93718935328891,51.06003159694843,51.10077139195993]
7	2.5075004024358882e-03	[50.93718935328891,51.06003159694843,51.10077139195993]	1.0277941840593684e-01	[50.85749900461147,53.08490887673365,52.07810724341723]
7	1.0277941840593684e-01	[50.85749900461147,53.08490887673365,52.07810724341723]	4.1469489372996951e-02	[51.61677074270163,51.15675407760681,52.50736618467193]
7	4.1469489372996951e-02	[51.61677074270163,51.15675407760681,52.50736618467193]	1.6130472756551698e-01	[52.38001729578033,49.48450827596806,52.731411470442374]
7	1.6130472756551698e-01	[52.38001729578033,49.48450827596806,52.731411470442374]	3.4723125345292226e-02	[51.42502611491423,51.274142531076095,52.4416916451116]
7	3.4723125345292226e-02	[51.42502611491423,51.274142531076095,52.4416916451116]	2.6005439137277521e-02	[51.90798613801217,51.60639435575033,51.98198190786383]
7	2.6005439137277521e-02	[51.90798613801217,51.60639435575033,51.98198190786383]	3.6912247298381634e-02	[51.41538247946947,51.33041698313498,52.47713275465421]
7	3.6912247298381634e-02	[51.41538247946947,51.33041698313498,52.47713275465421]	4.7977417312529240e-02	[52.48312232097204,51.875323759319095,51.52046966117733]
7	4.7977417312529240e-02	[52.48312232097204,51.875323759319095,51.52046966117733]	4.6011845313238410e-02	[50.209560623356666,52.08249399431846,51.6248891822996]
7	4.6011845313238410e-02	[50.209560623356666,52.08249399431846,51.6248891822996]	3.0086811425474896e-02	[50.159143963258096,51.011472291285365,51.42541615330521]
7	3.0086811425474896e-02	[50.159143963258096,51.011472291285365,51.42541615330521]	4.5193309841852014e-03	[51.36592469610011,51.694982423603896,51.38695093645827]
7	4.5193309841852014e-03	[51.36592469610011,51.694982423603896,51.38695093645827]	2.2729653174061053e-02	[51.844538357436825,50.99699615757117,51.991045397515464]
7	2.2729653174061053e-02	[51.844538357436825,50.99699615757117,51.991045397515464]	2.1029848319695087e-02	[50.326269976896526,51.388988011916254,51.058444960467]
7	2.1029848319695087e-02	[50.326269976896526,51.388988011916254,51.058444960467]	4.2385768282172435e-02	[52.34890108152085,51.95749567674759,51.4744974834851]
8	6.5209538550825363e-01	[50.69011667379517,46.72815481063103,53.64873772050377]	2.8067163301894077e-01	[53.25975891975336,50.62808224131366,53.89311756189826]
8	2.8067163301894077e-01	[53.25975891975336,50.62808224131366,53.89311756189826]	1.0396767504017150e+00	[56.94527427727934,48.16753996522305,51.763912309320105]
8	1.0396767504017150e+00	[56.94527427727934,48.16753996522305,51.763912309320105]	7.3275845601613254e-01	[55.03008731402437,48.44482220757397,48.489021587134275]
8	7.3275845601613254e-01	[55.03008731402437,48.44482220757397,48.489021587134275]	1.1396005976953725e+00	[51.146655376836705,54.04020584421556,45.045473190939695]
8	1.1396005976953725e+00	[51.146655376836705,54.04020584421556,45.045473190939695]	6.4606609828952541e-02	[52.23056246520281,50.809773444406,50.01718545210151]
8	6.4606609828952541e-02	[52.23056246520281,50.809773444406,50.01718545210151]	9.2041587015873241e-02	[50.418003070834295,49.50272888089026,51.01623448661232]
8	9.2041587015873241e-02	[50.418003070834295,49.50272888089026,51.01623448661232]	4.8559972440925503e-01	[50.80383593620477,48.53589336835231,47.75450550472345]
8	4.8559972440925503e-01	[50.80383593620477,48.53589336835231,47.75450550472345]	8.2960393951368361e-01	[47.854815053242014,50.29672322849524,46.633346591329826]
8	8.2960393951368361e-01	[47.854815053242014,50.29672322849524,46.633346591329826]	5.3113333168243224e-02	[52.20659035163153,50.15899566754425,51.56417525319512]
8	5.3113333168243224e-02	[52.20659035163153,50.15899566754425,51.56417525319512]	7.7827165014534228e-01	[52.09382882432574,45.71908571021764,50.66378344642598]
8	7.7827165014534228e-01	[52.09382882432574,45.71908571021764,50.66378344642598]	2.5181141213535985e-01	[52.9459530646771,51.54604173212594,53.947003544987574]
8	2.5181141213535985e-01	[52.9459530646771,51.54604173212594,53.947003544987574]	6.8582329022146027e-01	[53.93390489125417,48.55574529738565,47.58588927372997]
8	6.8582329022146027e-01	[53.93390489125417,48.55574529738565,47.58588927372997]	3.6245689042045931e-01	[53.849156483974106,48.46229554384464,50.77178849255553]
8	3.6245689042045931e-01	[53.849156483974106,48.46229554384464,50.77178849255553]	2.0614790406975067e-01	[49.67543777834961,49.872249463471725,49.23441292841177]
8	2.0614790406975067e-01	[49.67543777834961,49.872249463471725,49.23441292841177]	7.3951619390185838e-02	[50.301382955279635,50.69183205385851,49.88801881494455]
8	7.3951619390185838e-02	[50.301382955279635,50.69183205385851,49.88801881494455]	5.5399018089645735e-01	[55.43789951941209,50.50772483674904,49.14684343483712]
8	5.5399018089645735e-01	[55.43789951941209,50.50772483674904,49.14684343483712]	4.3827715397939576e-01	[49.18846023068835,49.92373775807526,47.806656098105236]
8	4.3827715397939576e-01	[49.18846023068835,49.92373775807526,47.806656098105236]	1.1188780872006315e-01	[51.65025639868697,51.03914813668477,49.15357340070204]
8	1.1188780872006315e-01	[51.65025639868697,51.03914813668477,49.15357340070204]	4.0697986669395958e-01	[51.41028279024461,47.1861294035805,51.04989602035066]
8	4.0697986669395958e-01	[51.41028279024461,47.1861294035805,51.04989602035066]	8.6163647911853769e-02	[52.8841294159014,52.101837775449425,50.87898201828985]
9	3.6469356063707620e-01	[53.81421644025649,48.40617512429185,51.67332494678331]	5.0435417512234529e-02	[51.13644504464148,52.33506036304997,50.29810796514169]
9	5.0435417512234529e-02	[51.13644504464148,52.33506036304997,50.29810796514169]	1.1267529992063505e+00	[55.22383991697955,56.4810915512337,49.65231059518299]
9	1.1267529992063505e+00	[55.22383991697955,56.4810915512337,49.65231059518299]	3.7646061134860032e-01	[49.308452806884894,50.7984657158892,54.61761718742717]
9	3.7646061134860032e-01	[49.308452806884894,50.7984657158892,54.61761718742717]	1.4822539967529971e+00	[56.25384852969062,45.44564749644844,52.44950255767666]
9	1.4822539967529971e+00	[56.25384852969062,45.44564749644844,52.44950255767666]	3.0223973195775522e+00	[56.44231247205757,60.32251531519022,54.89221686803054]
9	3.0223973195775522e+00	[56.44231247205757,60.32251531519022,54.89221686803054]	2.5178761348390259e+00	[41.35566023690435,52.2384343471928,53.07732259930605]
9	2.5178761348390259e+00	[41.35566023690435,52.2384343471928,53.07732259930605]	1.5120261539799538e+00	[47.93164062005386,44.711928443995134,54.017605019871915]
9	1.5120261539799538e+00	[47.93164062005386,44.711928443995134,54.017605019871915]	2.5830427090108676e+00	[52.88948011704766,41.20991557231707,52.41912490490995]
9	2.5830427090108676e+00	[52.88948011704766,41.20991557231707,52.41912490490995]	2.9386416256117140e+00	[46.25831165064566,50.33483785688895,41.57666321840165]
9	2.9386416256117140e+00	[46.25831165064566,50.33483785688895,41.57666321840165]	7.3511187304974246e-01	[51.224144324406204,48.95150001265972,56.206599823282566]
9	7.3511187304974246e-01	[51.224144324406204,48.95150001265972,56.206599823282566]	1.1412104298855559e+00	[47.17026967205043,53.2864919571113,46.19173337167455]
9	1.1412104298855559e+00	[47.17026967205043,53.2864919571113,46.19173337167455]	4.5696035397020429e+00	[54.075646350528054,45.85046318969036,63.42364150395146]
9	4.5696035397020429e+00	[54.075646350528054,45.85046318969036,63.42364150395146]	8.0095675884928130e-01	[56.16192359650898,48.35965827972715,51.458502586103634]
9	8.0095675884928130e-01	[56.16192359650898,48.35965827972715,51.458502586103634]	7.3841353782737884e-01	[45.98446111393521,50.97803700742936,52.74107941423983]
9	7.3841353782737884e-01	[45.98446111393521,50.97803700742936,52.74107941423983]	2.4518466002460420e+00	[46.11859013895865,45.09365586585265,57.190897433421384]
9	2.4518466002460420e+00	[46.11859013895865,45.09365586585265,57.190897433421384]	2.7010575725309169e+00	[46.46019974475233,60.4768485222598,50.021616502023804]
9	2.7010575725309169e+00	[46.46019974475233,60.4768485222598,50.021616502023804]	3.3276463951612928e-01	[47.948237177235725,52.43963841519964,50.13247755231256]
9	3.3276463951612928e-01	[47.948237177235725,52.43963841519964,50.13247755231256]	1.2060480738914653e-01	[49.07459345559418,51.12479332976675,50.79179595630247]
9	1.2060480738914653e-01	[49.07459345559418,51.12479332976675,50.79179595630247]	2.8168039552187707e-01	[54.49454683018396,50.94701064111231,50.33058432900933]
9	2.8168039552187707e-01	[54.49454683018396,50.94701064111231,50.33058432900933]	2.1010337303975052e-01	[50.16454448760223,48.70529533902072,52.216308847675954]
10	7.9260584112550019e+00	[39.365295992980755,52.52232774773267,64.61584959206935]	6.4185341005377223e+00	[53.713094587520146,41.74728187944479,64.05551886952725]
10	6.4185341005377223e+00	[53.713094587520146,41.74728187944479,64.05551886952725]	4.4914406191471848e+01	[68.81885885674619,21.680593582052204,76.52171752704912]
10	4.4914406191471848e+01	[68.81885885674619,21.680593582052204,76.52171752704912]	1.2113299143200990e+01	[32.23531421798118,62.58342804691209,50.06543413639178]
10	1.2113299143200990e+01	[32.23531421798118,62.58342804691209,50.06543413639178]	7.0066719781695150e+00	[34.703036608475664,49.02632832996272,53.6127214417868]
10	7.0066719781695150e+00	[34.703036608475664,49.02632832996272,53.6127214417868]	8.1372539283123970e+00	[57.99420527901266,67.69376026841495,54.99954998510224]
10	8.1372539283123970e+00	[57.99420527901266,67.69376026841495,54.99954998510224]	1.7945777673942821e+01	[38.8218044999255,72.13757251159247,62.95705937756403]
10	1.7945777673942821e+01	[38.8218044999255,72.13757251159247,62.95705937756403]	9.9060240884228890e-01	[49.01798314225362,57.0553594675782,50.012361193826074]
10	9.9060240884228890e-01	[49.01798314225362,57.0553594675782,50.012361193826074]	5.9829473985468358e+00	[40.26064185558269,61.93778921041751,54.02604083992868]
10	5.9829473985468358e+00	[40.26064185558269,61.93778921041751,54.02604083992868]	1.1096001156776472e+01	[51.110547218439606,42.85017265649984,70.72970839072701]
10	1.1096001156776472e+01	[51.110547218439606,42.85017265649984,70.72970839072701]	7.0973628013136878e+00	[37.24811010995463,59.34565572464058,56.38097616131307]
10	7.0973628013136878e+00	[37.24811010995463,59.34565572464058,56.38097616131307]	7.9953840466055164e+00	[56.735025545777546,54.34678633515641,68.11770062171951]
10	7.9953840466055164e+00	[56.735025545777546,54.34678633515641,68.11770062171951]	1.7953285637723024e+01	[39.880197810444,75.66846054511937,52.86488768977495]
10	1.7953285637723024e+01	[39.880197810444,75.66846054511937,52.86488768977495]	9.5813160693821899e+00	[36.867666064815936,64.12749832240596,47.24848622380627]
10	9.5813160693821899e+00	[36.867666064815936,64.12749832240596,47.24848622380627]	8.2940631096283859e+00	[33.983655167696554,48.19562852878526,56.64265274302878]
10	8.2940631096283859e+00	[33.983655167696554,48.19562852878526,56.64265274302878]	1.4605623084016202e+00	[44.57579096721484,52.81831692866051,47.738004144135616]
10	1.4605623084016202e+00	[44.57579096721484,52.81831692866051,47.738004144135616]	3.7022364199927869e+00	[41.04902542995963,55.079246242702276,56.8618029413446]
10	3.7022364199927869e+00	[41.04902542995963,55.079246242702276,56.8618029413446]	5.6082579747338634e+00	[36.57366965710997,53.86340567308979,53.56265478291981]
10	5.6082579747338634e+00	[36.57366965710997,53.86340567308979,53.56265478291981]	3.7193366578462048e+00	[49.09131815593919,57.458766291200995,61.62375106615717]
10	3.7193366578462048e+00	[49.09131815593919,57.458766291200995,61.62375106615717]	9.4983780834821605e+00	[57.111608202501266,47.97995703346861,69.69257527089381]
10	9.4983780834821605e+00	[57.111608202501266,47.97995703346861,69.69257527089381]	4.0605825226998133e+00	[40.02561983953353,48.81174070157306,56.98220606678889]
11	8.0082122951601220e-01	[53.162173741728196,47.21972089422347,47.69134577280373]	3.9079898191595914e+00	[46.06366715762049,42.58643404308248,58.77572101402595]
11	3.9079898191595914e+00	[46.06366715762049,42.58643404308248,58.77572101402595]	1.1751184191508321e+00	[55.29800119409615,45.74813799399351,52.278806736811816]
11	1.1751184191508321e+00	[55.29800119409615,45.74813799399351,52.278806736811816]	1.8491640230344583e-01	[51.487265860127636,48.94940310333692,52.734969541324965]
11	1.8491640230344583e-01	[51.487265860127636,48.94940310333692,52.734969541324965]	1.1097130063850538e-01	[51.57786023845232,49.1957398022752,51.73092820915454]
11	1.1097130063850538e-01	[51.57786023845232,49.1957398022752,51.73092820915454]	3.7048897273594865e+00	[61.75843401148941,44.98471012093245,50.46376538878184]
11	3.7048897273594865e+00	[61.75843401148941,44.98471012093245,50.46376538878184]	2.7146450056795906e+00	[55.06598067950253,54.78536580450686,42.13383660237949]
11	2.7146450056795906e+00	[55.06598067950253,54.78536580450686,42.13383660237949]	2.9287217930739060e+00	[51.03426071024458,40.56980177182523,53.4348823897961]
11	2.9287217930739060e+00	[51.03426071024458,40.56980177182523,53.4348823897961]	8.8444521322296021e-01	[51.82530932469749,45.59879424050135,49.3275935426431]
11	8.8444521322296021e-01	[51.82530932469749,45.59879424050135,49.3275935426431]	2.5134614821726848e+00	[57.49686498808159,54.889906431951374,44.199685838297576]
11	2.5134614821726848e+00	[57.49686498808159,54.889906431951374,44.199685838297576]	1.5562800207515306e+00	[49.58623492787235,44.99748978070252,55.86834212985367]
11	1.5562800207515306e+00	[49.58623492787235,44.99748978070252,55.86834212985367]	3.0658812296461533e+00	[44.31838801382611,42.5083583961263,51.40737544335308]
11	3.0658812296461533e+00	[44.31838801382611,42.5083583961263,51.40737544335308]	4.6715817610566512e+00	[56.277129709664386,38.47538993909123,50.19456495963923]
11	4.6715817610566512e+00	[56.277129709664386,38.47538993909123,50.19456495963923]	3.8891113587469897e+00	[59.98503034169303,52.979936082955234,42.390648648179805]
11	3.8891113587469897e+00	[59.98503034169303,52.979936082955234,42.390648648179805]	5.5123747906654925e+00	[58.910679307612035,50.99336038863886,64.08601156911713]
11	5.5123747906654925e+00	[58.910679307612035,50.99336038863886,64.08601156911713]	1.2366298793121069e+00	[52.189768843598166,52.93148260575351,44.42938312388087]
11	1.2366298793121069e+00	[52.189768843598166,52.93148260575351,44.42938312388087]	1.2268727235505281e+00	[50.625061165599035,58.25678971940438,51.78605469036184]
11	1.2268727235505281e+00	[50.625061165599035,58.25678971940438,51.78605469036184]	9.8794028680704460e-01	[51.78631872969077,54.382740242032895,45.770079486527685]
11	9.8794028680704460e-01	[51.78631872969077,54.382740242032895,45.770079486527685]	1.2729251787253928e+00	[44.67451730314901,50.74609363098253,54.11577437270758]
11	1.2729251787253928e+00	[44.67451730314901,50.74609363098253,54.11577437270758]	1.8554914333037167e+00	[55.82968847550617,44.978835317683085,47.372031809644525]
11	1.8554914333037167e+00	[55.82968847550617,44.978835317683085,47.372031809644525]	5.0438559518293697e+00	[54.316445404715914,58.8390047303868,39.518153060873075]
12	9.7635190594310006e-01	[50.813396197141145,46.42921710913142,47.21604758323338]	6.6247757566991150e-01	[48.86529187085357,47.24841697773804,48.954378472296106]
12	6.6247757566991150e-01	[48.86529187085357,47.24841697773804,48.954378472296106]	7.8209242893495745e-01	[54.406931607297864,46.58669407051779,51.50762678012477]
12	7.8209242893495745e-01	[54.406931607297864,46.58669407051779,51.50762678012477]	8.6213766977000325e-02	[51.20520412092242,51.680175310080735,49.414594080451025]
12	8.6213766977000325e-02	[51.20520412092242,51.680175310080735,49.414594080451025]	6.4675787853657252e-01	[53.83759997345378,49.440143124904495,55.28541012128845]
12	6.4675787853657252e-01	[53.83759997345378,49.440143124904495,55.28541012128845]	2.8921276090000809e+00	[46.91966148344702,42.67701644024445,46.22937621229284]
12	2.8921276090000809e+00	[46.91966148344702,42.67701644024445,46.22937621229284]	1.9017308085938450e-01	[50.904370248847314,53.160647749290916,49.250866212726805]
12	1.9017308085938450e-01	[50.904370248847314,53.160647749290916,49.250866212726805]	5.4027779372836870e-01	[53.533042158722075,54.91298925310784,49.43035009833579]
12	5.4027779372836870e-01	[53.533042158722075,54.91298925310784,49.43035009833579]	9.3793042001578431e-01	[55.08695959568812,56.02438355201024,51.9732500406978]
12	9.3793042001578431e-01	[55.08695959568812,56.02438355201024,51.9732500406978]	1.8007341143885842e+00	[48.292235009502775,43.234131350719466,51.6301873209359]
12	1.8007341143885842e+00	[48.292235009502775,43.234131350719466,51.6301873209359]	1.2535044773610708e+00	[51.81595496975573,53.73246815592965,44.584450230392]
12	1.2535044773610708e+00	[51.81595496975573,53.73246815592965,44.584450230392]	6.6474824216117812e-01	[55.45006634921926,48.9497934462474,53.264701218320845]
12	6.6474824216117812e-01	[55.45006634921926,48.9497934462474,53.264701218320845]	4.0032916534457080e-01	[54.86008926178214,52.476053753616476,49.933892966401125]
12	4.0032916534457080e-01	[54.86008926178214,52.476053753616476,49.933892966401125]	1.0418822196316304e+00	[57.09507944883176,52.51186122716801,53.79896958614844]
12	1.0418822196316304e+00	[57.09507944883176,52.51186122716801,53.79896958614844]	1.5061355365598181e+00	[56.85475052602859,52.8622446570391,46.04281265665181]
12	1.5061355365598181e+00	[56.85475052602859,52.8622446570391,46.04281265665181]	2.6905439941094467e-01	[51.73229711452718,49.590205527299126,54.07253532263841]
12	2.6905439941094467e-01	[51.73229711452718,49.590205527299126,54.07253532263841]	7.5413701894727114e-01	[54.568641782676515,48.93256211458415,47.47245313410336]
12	7.5413701894727114e-01	[54.568641782676515,48.93256211458415,47.47245313410336]	2.4671285916904145e-01	[53.911945761599604,52.94627288872716,50.98354449651258]
12	2.4671285916904145e-01	[53.911945761599604,52.94627288872716,50.98354449651258]	3.9771841976787410e-02	[50.92767952903817,50.180161813469844,51.897842622498494]
12	3.9771841976787410e-02	[50.92767952903817,50.180161813469844,51.897842622498494]	6.0245344233509424e-01	[52.86613141861055,48.008741943632636,54.62023403475553]
12	6.0245344233509424e-01	[52.86613141861055,48.008741943632636,54.62023403475553]	6.9373780238707228e-01	[55.77994298638829,48.50468085034444,51.59527748258795]
13	3.3525350275181370e-01	[52.02546693454515,51.71131362410599,54.82871614058035]	6.1547073429913635e-01	[52.83470244458919,55.6254297348836,53.07055590542452]
13	6.1547073429913635e-01	[52.83470244458919,55.6254297348836,53.07055590542452]	6.3304293201561235e-01	[55.77193205550815,48.95590655481472,51.305115247360206]
13	6.3304293201561235e-01	[55.77193205550815,48.95590655481472,51.305115247360206]	8.7782144376749235e-02	[50.19642744349015,52.829705236437185,51.299897501989996]
13	8.7782144376749235e-02	[50.19642744349015,52.829705236437185,51.299897501989996]	7.2293128012762009e-01	[56.119121571505296,48.993931055814016,50.499159906008046]
13	7.2293128012762009e-01	[56.119121571505296,48.993931055814016,50.499159906008046]	2.3939063381612558e-01	[50.356782557222466,49.86255674590767,48.591929958369874]
13	2.3939063381612558e-01	[50.356782557222466,49.86255674590767,48.591929958369874]	6.2907589849894174e-01	[46.28631797651474,50.733634072061186,50.41542102886545]
13	6.2907589849894174e-01	[46.28631797651474,50.733634072061186,50.41542102886545]	4.9397078807172068e-01	[48.21227878480603,54.43168123233915,52.10410192966868]
13	4.9397078807172068e-01	[48.21227878480603,54.43168123233915,52.10410192966868]	9.2147870131779983e-02	[52.348857226699614,50.598057963084244,49.779783493118934]
13	9.2147870131779983e-02	[52.348857226699614,50.598057963084244,49.779783493118934]	3.5972383485120168e-01	[52.542190064020986,51.12110252218291,54.845527528198]
13	3.5972383485120168e-01	[52.542190064020986,51.12110252218291,54.845527528198]	3.7128330388156588e-01	[54.37911085850737,51.475956363593255,48.956211318388725]
13	3.7128330388156588e-01	[54.37911085850737,51.475956363593255,48.956211318388725]	4.1572879663725004e-01	[51.60828752735924,55.2982905288601,50.63835114571106]
13	4.1572879663725004e-01	[51.60828752735924,55.2982905288601,50.63835114571106]	1.7771980771891926e-01	[53.42023340027845,52.5689851119157,52.13586291753906]
13	1.7771980771891926e-01	[53.42023340027845,52.5689851119157,52.13586291753906]	1.8083302880253485e-01	[49.38659609028047,53.177023094981266,50.800801954192345]
13	1.8083302880253485e-01	[49.38659609028047,53.177023094981266,50.800801954192345]	5.3356612726983565e-01	[47.55181692105907,48.48868492442505,50.59381754868327]
13	5.3356612726983565e-01	[47.55181692105907,48.48868492442505,50.59381754868327]	3.7786393748940750e-01	[54.200084592401375,53.636772181492724,50.27403946043364]
13	3.7786393748940750e-01	[54.200084592401375,53.636772181492724,50.27403946043364]	1.9295704439689690e-01	[52.697032365208926,52.143974088176066,53.47670668860458]
13	1.9295704439689690e-01	[52.697032365208926,52.143974088176066,53.47670668860458]	8.5173822708065094e-01	[50.19318030996991,53.6329941146343,56.51916402413753]
13	8.5173822708065094e-01	[50.19318030996991,53.6329941146343,56.51916402413753]	4.7829616884907844e-01	[48.5550054443794,54.20862649676381,53.09982031297325]
13	4.7829616884907844e-01	[48.5550054443794,54.20862649676381,53.09982031297325]	5.3899747267816944e-01	[51.570206998754415,55.90824235940059,51.53427809077363]
13	5.3899747267816944e-01	[51.570206998754415,55.90824235940059,51.53427809077363]	7.5100137502204983e-02	[52.36627248637881,50.10365552420839,51.97988542416413]
14	2.5271362089573574e-01	[54.265712775453146,50.157128619222824,51.27903833103019]	4.1028077234491367e-01	[48.07416932563044,48.68033667351911,51.06051913006581]
14	4.1028077234491367e-01	[48.07416932563044,48.68033667351911,51.06051913006581]	3.9628913236926548e-03	[51.0455291521202,51.64969245763632,51.3415826556529]
14	3.9628913236926548e-03	[51.0455291521202,51.64969245763632,51.3415826556529]	3.5358444813995700e-02	[51.07524596468351,52.141577593471006,52.05679415993425]
14	3.5358444813995700e-02	[51.07524596468351,52.141577593471006,52.05679415993425]	3.2106042159561608e-02	[51.260985836356966,52.2426336645901,51.8488029702048]
14	3.2106042159561608e-02	[51.260985836356966,52.2426336645901,51.8488029702048]	6.3889657561702184e-01	[54.46854343546863,47.29926275053185,51.27608032528586]
14	6.3889657561702184e-01	[54.46854343546863,47.29926275053185,51.27608032528586]	1.5213995759535728e-01	[52.94186412012741,51.78408363913827,52.99685501623187]
14	1.5213995759535728e-01	[52.94186412012741,51.78408363913827,52.99685501623187]	5.4003751658548804e-01	[55.85250198614908,51.92306676969385,50.70992779969406]
14	5.4003751658548804e-01	[55.85250198614908,51.92306676969385,50.70992779969406]	1.3752384280218724e-01	[50.10647497920719,52.94225878447237,52.45310092784851]
14	1.3752384280218724e-01	[50.10647497920719,52.94225878447237,52.45310092784851]	4.2343241045199476e-01	[51.72478862220882,54.43059744213186,48.627496237507096]
14	4.2343241045199476e-01	[51.72478862220882,54.43059744213186,48.627496237507096]	3.9834817380862780e-01	[52.71103605099524,47.50851400224607,51.54227026569303]
14	3.9834817380862780e-01	[52.71103605099524,47.50851400224607,51.54227026569303]	1.4313896381391278e-01	[51.388041824318535,48.91618508020199,50.61229753077538]
14	1.4313896381391278e-01	[51.388041824318535,48.91618508020199,50.61229753077538]	1.3354905936531225e-01	[48.92342616578697,51.191559638697846,50.99307174036653]
14	1.3354905936531225e-01	[48.92342616578697,51.191559638697846,50.99307174036653]	4.7470298763861213e-01	[48.54706174478344,47.91995662358404,50.2759008334319]
14	4.7470298763861213e-01	[48.54706174478344,47.91995662358404,50.2759008334319]	4.7579966612706753e-01	[49.90890221656911,52.255819389494974,55.31420109547957]
14	4.7579966612706753e-01	[49.90890221656911,52.255819389494974,55.31420109547957]	4.8121505771861195e-01	[54.94127337424313,49.07087140502987,50.158155050124606]
14	4.8121505771861195e-01	[54.94127337424313,49.07087140502987,50.158155050124606]	2.5677820170182408e-01	[49.4016038032355,48.774410500570475,52.2192097824711]
14	2.5677820170182408e-01	[49.4016038032355,48.774410500570475,52.2192097824711]	2.8910476765636389e-01	[49.12880471002925,53.901741139338405,50.75469247949848]
14	2.8910476765636389e-01	[49.12880471002925,53.901741139338405,50.75469247949848]	1.0332738115842591e-01	[49.463529056243225,52.209736742649234,51.612989108971675]
14	1.0332738115842591e-01	[49.463529056243225,52.209736742649234,51.612989108971675]	1.4656819699362678e-01	[51.310270496306046,48.87348922627697,50.649556731845074]
14	1.4656819699362678e-01	[51.310270496306046,48.87348922627697,50.649556731845074]	1.6258182969253079e-01	[49.600526440978385,51.22402644951822,53.23037569445083]
15	6.0509285411649094e-01	[53.738771744428036,53.29750528799627,55.012975920414014]	1.1609446095699733e-01	[51.52339739850592,49.36873587194498,52.32175792639456]
15	1.1609446095699733e-01	[51.52339739850592,49.36873587194498,52.32175792639456]	2.1031474436659418e-02	[51.18846626584852,51.97709466776141,51.853535035629186]
15	2.1031474436659418e-02	[51.18846626584852,51.97709466776141,51.853535035629186]	1.2335932111267719e-01	[52.051052281897924,50.887142599911314,49.17875599903219]
15	1.2335932111267719e-01	[52.051052281897924,50.887142599911314,49.17875599903219]	3.7766398895746379e-02	[50.29950274081473,51.46710129755854,52.04478861177496]
15	3.7766398895746379e-02	[50.29950274081473,51.46710129755854,52.04478861177496]	3.1319807665603175e-02	[50.950775394659196,50.979469422189084,50.16939075526086]
15	3.1319807665603175e-02	[50.950775394659196,50.979469422189084,50.16939075526086]	1.4463863103325453e-01	[52.37351024720233,51.999620091641404,49.22665640094338]
15	1.4463863103325453e-01	[52.37351024720233,51.999620091641404,49.22665640094338]	1.5217556360426593e-01	[49.73103083640542,49.665080571523156,52.439335118276894]
15	1.5217556360426593e-01	[49.73103083640542,49.665080571523156,52.439335118276894]	3.8857766113533747e-02	[51.27811097918237,52.122978629850664,50.32039981084458]
15	3.8857766113533747e-02	[51.27811097918237,52.122978629850664,50.32039981084458]	6.7341001474821791e-02	[49.73462509695738,51.868935979325286,51.575441119753854]
15	6.7341001474821791e-02	[49.73462509695738,51.868935979325286,51.575441119753854]	1.0448741035739491e-01	[52.05140304034023,52.441650055970484,49.75880283129538]
15	1.0448741035739491e-01	[52.05140304034023,52.441650055970484,49.75880283129538]	8.4807665773322299e-02	[51.07072955532998,51.43089848165363,53.09805169264746]
15	8.4807665773322299e-02	[51.07072955532998,51.43089848165363,53.09805169264746]	1.4247374268830218e-01	[49.9002925692882,52.618352606631966,49.78592542009502]
15	1.4247374268830218e-01	[49.9002925692882,52.618352606631966,49.78592542009502]	1.2573983069702449e-01	[49.651480308388024,52.51025798763822,50.24261739474028]
15	1.2573983069702449e-01	[49.651480308388024,52.51025798763822,50.24261739474028]	2.6980273062182636e-01	[48.93827112316109,53.53860643009534,50.60517204454248]
15	2.6980273062182636e-01	[48.93827112316109,53.53860643009534,50.60517204454248]	1.2004088105787288e-01	[50.50278551677928,51.88763139764287,49.258382139595184]
15	1.2004088105787288e-01	[50.50278551677928,51.88763139764287,49.258382139595184]	1.7773703695344670e-01	[50.2708896065661,49.63973860038972,53.17661927488764]
15	1.7773703695344670e-01	[50.2708896065661,49.63973860038972,53.17661927488764]	2.2973163819028853e-02	[50.80168612257557,52.131515552038216,51.2011179289931]
15	2.2973163819028853e-02	[50.80168612257557,52.131515552038216,51.2011179289931]	6.1905203518593355e-02	[49.84607245014795,50.5242245277322,50.97167215461687]
15	6.1905203518593355e-02	[49.84607245014795,50.5242245277322,50.97167215461687]	5.4226074295052412e-02	[50.05149258718053,50.42542215252924,51.62831359703449]
15	5.4226074295052412e-02	[50.05149258718053,50.42542215252924,51.62831359703449]	1.2451022905453783e-01	[49.7187300226317,50.41098691120896,52.68437264419572]
16	9.5397766845743678e-02	[49.87475593738915,52.621458865069094,51.63180837649089]	1.6461688560960411e-01	[50.838883800764584,53.02240421760001,53.09366463095111]
16	1.6461688560960411e-01	[50.838883800764584,53.02240421760001,53.09366463095111]	1.8637750904684119e-01	[49.781955938674145,50.95725162296576,53.56650488940549]
16	1.8637750904684119e-01	[49.781955938674145,50.95725162296576,53.56650488940549]	2.7471746880495473e-01	[51.78821459733179,54.504505387738675,51.78603045977404]
16	2.7471746880495473e-01	[51.78821459733179,54.504505387738675,51.78603045977404]	5.9323599320426225e-02	[50.5168289574289,50.471430393401754,50.09750120870521]
16	5.9323599320426225e-02	[50.5168289574289,50.471430393401754,50.09750120870521]	2.6982770204976140e-02	[50.22565663154592,51.444695852771254,50.99672264822916]
16	2.6982770204976140e-02	[50.22565663154592,51.444695852771254,50.99672264822916]	1.0479908271409660e-01	[50.973117873655745,50.59254584819491,53.195971749561465]
16	1.0479908271409660e-01	[50.973117873655745,50.59254584819491,53.195971749561465]	1.0923241249654532e-01	[50.78453491633915,52.78569100992938,52.62566201595063]
16	1.0923241249654532e-01	[50.78453491633915,52.78569100992938,52.62566201595063]	6.0277536844404844e-02	[52.11727543587469,49.929432525064016,51.200867339936586]
16	6.0277536844404844e-02	[52.11727543587469,49.929432525064016,51.200867339936586]	1.3817642762419377e-01	[52.506152153450444,49.28104257417396,50.79498126096625]
16	1.3817642762419377e-01	[52.506152153450444,49.28104257417396,50.79498126096625]	7.2112531593620133e-02	[49.82874376858822,52.22104840076947,51.12345769000127]
16	7.2112531593620133e-02	[49.82874376858822,52.22104840076947,51.12345769000127]	1.2823875405195223e-01	[49.8553046331257,51.856163693371634,49.53138952204662]
16	1.2823875405195223e-01	[49.8553046331257,51.856163693371634,49.53138952204662]	5.0441576525510408e-02	[50.75185951051623,52.59463378429169,51.43630233241106]
16	5.0441576525510408e-02	[50.75185951051623,52.59463378429169,51.43630233241106]	8.5147582398354932e-02	[50.719544212027735,49.45256658147507,51.17417278661342]
16	8.5147582398354932e-02	[50.719544212027735,49.45256658147507,51.17417278661342]	1.2547145080562463e-01	[50.19632134255086,50.049071584678515,49.63469841568083]
16	1.2547145080562463e-01	[50.19632134255086,50.049071584678515,49.63469841568083]	4.1909143645425834e-02	[52.03384508324152,52.30687144235449,51.34147044999083]
16	4.1909143645425834e-02	[52.03384508324152,52.30687144235449,51.34147044999083]	1.3172195199645012e-01	[49.42472948930386,52.68599655767112,51.20372299917627]
16	1.3172195199645012e-01	[49.42472948930386,52.68599655767112,51.20372299917627]	8.4568666559233341e-02	[51.08284169447708,52.50917533667968,49.88289859771598]
16	8.4568666559233341e-02	[51.08284169447708,52.50917533667968,49.88289859771598]	3.2775218417472773e-02	[51.66370445422737,50.523461379337675,50.420785733542424]
16	3.2775218417472773e-02	[51.66370445422737,50.523461379337675,50.420785733542424]	6.9313514645707203e-02	[50.512273987903846,49.77080365899905,50.86985750056718]
16	6.9313514645707203e-02	[50.512273987903846,49.77080365899905,50.86985750056718]	4.1377559020195007e-02	[51.57922287206296,52.51177707568968,51.10698059884003]
17	3.2718980935146018e-02	[50.981458646217156,51.98202179139924,50.37121586815196]	3.1205063077970985e-02	[51.680364654195095,50.37703059248346,50.637511204789895]
17	3.1205063077970985e-02	[51.680364654195095,50.37703059248346,50.637511204789895]	3.9073142124042039e-02	[51.099997516631305,49.986890166193476,51.08708071706007]
17	3.9073142124042039e-02	[51.099997516631305,49.986890166193476,51.08708071706007]	4.1357553911062973e-02	[51.97125755380066,52.3064224026071,50.960788213842356]
17	4.1357553911062973e-02	[51.97125755380066,52.3064224026071,50.960788213842356]	1.9383665251939838e-02	[51.30668549558316,51.29887514609421,52.158684162984315]
17	1.9383665251939838e-02	[51.30668549558316,51.29887514609421,52.158684162984315]	1.1758478556457433e-01	[53.3219095418526,51.96462110757133,51.21865071478154]
17	1.1758478556457433e-01	[53.3219095418526,51.96462110757133,51.21865071478154]	6.2964174919844962e-02	[49.951784976796255,51.91784308039267,51.93769046848065]
17	6.2964174919844962e-02	[49.951784976796255,51.91784308039267,51.93769046848065]	4.6956883481293812e-03	[51.01294730978384,51.44662147425761,50.86421061722722]
17	4.6956883481293812e-03	[51.01294730978384,51.44662147425761,50.86421061722722]	6.1944889897699154e-02	[52.70904961955618,51.281822360894246,50.59522630867542]
17	6.1944889897699154e-02	[52.70904961955618,51.281822360894246,50.59522630867542]	7.9143659712407111e-02	[52.0681422562161,49.72416302601505,51.76419964907512]
17	7.9143659712407111e-02	[52.0681422562161,49.72416302601505,51.76419964907512]	7.7289744294418136e-02	[51.18428678632641,49.47134314920034,51.07952199651923]
17	7.7289744294418136e-02	[51.18428678632641,49.47134314920034,51.07952199651923]	5.7022365016043526e-02	[50.080847360458456,52.235116555064195,51.412392088723685]
17	5.7022365016043526e-02	[50.080847360458456,52.235116555064195,51.412392088723685]	6.0701998416165436e-02	[50.09043480319821,52.28908765246728,50.94842452391736]
17	6.0701998416165436e-02	[50.09043480319821,52.28908765246728,50.94842452391736]	5.0776284124903079e-02	[50.822013231941305,52.635795327043176,51.2831970482624]
17	5.0776284124903079e-02	[50.822013231941305,52.635795327043176,51.2831970482624]	2.2410821870067814e-02	[50.90693707299752,52.15754613360467,51.12350163933539]
17	2.2410821870067814e-02	[50.90693707299752,52.15754613360467,51.12350163933539]	3.6973114749084234e-02	[52.00676591335037,50.63719964643018,52.02269393525401]
17	3.6973114749084234e-02	[52.00676591335037,50.63719964643018,52.02269393525401]	8.4693654184838596e-02	[49.59941861871191,51.880924813030354,50.63955194931701]
17	8.4693654184838596e-02	[49.59941861871191,51.880924813030354,50.63955194931701]	1.6981804778174930e-02	[51.41920430607849,51.719719772660575,50.54951195863811]
17	1.6981804778174930e-02	[51.41920430607849,51.719719772660575,50.54951195863811]	2.6361365267463977e-03	[51.52892145878609,51.39263724869355,51.0079269506587]
17	2.6361365267463977e-03	[51.52892145878609,51.39263724869355,51.0079269506587]	2.7656472667201313e-02	[52.132775208122226,51.221304724634706,51.86979371359602]
17	2.7656472667201313e-02	[52.132775208122226,51.221304724634706,51.86979371359602]	6.3593972016737388e-02	[52.274967698094095,51.652399447950415,52.434469200966895]
18	9.6563071587444496e-02	[52.672124126973536,50.84768262761324,52.58035089315321]	8.6019673100093438e-02	[50.691073126931336,49.50409868785098,50.80883272736453]
18	8.6019673100093438e-02	[50.691073126931336,49.50409868785098,50.80883272736453]	6.5315072159170276e-02	[52.644396830233944,51.6615741409194,50.48819180869541]
18	6.5315072159170276e-02	[52.644396830233944,51.6615741409194,50.48819180869541]	1.8309688445204003e-01	[53.590827832662384,51.14073159749273,52.65187056540801]
18	1.8309688445204003e-01	[53.590827832662384,51.14073159749273,52.65187056540801]	3.0379807830741488e-02	[52.35697237656694,51.104755604558086,51.070760977078876]
18	3.0379807830741488e-02	[52.35697237656694,51.104755604558086,51.070760977078876]	6.3370040440452746e-02	[52.07983060732394,49.85881870777306,51.23154361798894]
18	6.3370040440452746e-02	[52.07983060732394,49.85881870777306,51.23154361798894]	1.1041573400240896e-01	[51.0519433925842,53.194739152727166,50.4116274727512]
18	1.1041573400240896e-01	[51.0519433925842,53.194739152727166,50.4116274727512]	3.6304895835878437e-01	[53.503918726750186,51.614498084691576,54.33718508653666]
18	3.6304895835878437e-01	[53.503918726750186,51.614498084691576,54.33718508653666]	8.6727033597362349e-02	[52.6948905873283,50.313399442890336,52.02219291937462]
18	8.6727033597362349e-02	[52.6948905873283,50.313399442890336,52.02219291937462]	1.4941125703299085e-01	[52.44622066901328,50.717159061887806,53.34295622334332]
18	1.4941125703299085e-01	[52.44622066901328,50.717159061887806,53.34295622334332]	2.5620509127465354e-02	[51.08728902255026,52.25101686410683,51.485428250226626]
18	2.5620509127465354e-02	[51.08728902255026,52.25101686410683,51.485428250226626]	3.5776819880520845e-02	[50.13069034580477,51.68970985754631,51.00314814112514]
18	3.5776819880520845e-02	[50.13069034580477,51.68970985754631,51.00314814112514]	3.9231266686080013e-02	[52.04730709253141,50.622080400234346,52.02891215195836]
18	3.9231266686080013e-02	[52.04730709253141,50.622080400234346,52.02891215195836]	3.5664915543969604e-02	[51.684959727580136,52.24501112926882,50.69032224586666]
18	3.5664915543969604e-02	[51.684959727580136,52.24501112926882,50.69032224586666]	1.8482809222123420e-01	[49.64906509587793,50.237763201010615,53.240785262979294]
18	1.8482809222123420e-01	[49.64906509587793,50.237763201010615,53.240785262979294]	5.8641892380054891e-02	[50.9896090347945,49.724741377430576,51.03468328876501]
18	5.8641892380054891e-02	[50.9896090347945,49.724741377430576,51.03468328876501]	2.6975956726348220e-02	[50.56123233180783,52.007916372128406,51.556602652095116]
18	2.6975956726348220e-02	[50.56123233180783,52.007916372128406,51.556602652095116]	7.4393729938163899e-02	[49.64906509587793,51.05279745665907,51.93743510424948]
18	7.4393729938163899e-02	[49.64906509587793,51.05279745665907,51.93743510424948]	6.3370040440452746e-02	[52.07983060732394,49.85881870777306,51.23154361798894]
18	6.3370040440452746e-02	[52.07983060732394,49.85881870777306,51.23154361798894]	4.0800703119321088e-02	[50.38433350127066,50.55365834722218,51.94016107538932]
18	4.0800703119321088e-02	[50.38433350127066,50.55365834722218,51.94016107538932]	2.3704056673080054e-01	[49.82661530470404,53.662737799383734,52.5933441582344]
19	8.5907430762097860e+01	[0.0,21.957249452769865,50.77330279927401]	3.8961714451377482e+01	[39.2123243036766,69.89085040358722,18.2640406308659]
19	3.8961714451377482e+01	[39.2123243036766,69.89085040358722,18.2640406308659]	1.0000000000000001e+02	[22.874771006430766,80.81326165363511,100.0]
19	1.0000000000000001e+02	[22.874771006430766,80.81326165363511,100.0]	4.2751046797484236e+01	[68.26666248674019,46.62341927631393,88.96936326042008]
19	4.2751046797484236e+01	[68.26666248674019,46.62341927631393,88.96936326042008]	3.3676570137726038e+01	[67.92888523936315,18.30668983200813,52.85798038835333]
19	3.3676570137726038e+01	[67.92888523936315,18.30668983200813,52.85798038835333]	6.3238756244513098e+01	[38.573782862881124,83.08927560240892,13.958599387692205]
19	6.3238756244513098e+01	[38.573782862881124,83.08927560240892,13.958599387692205]	1.5161367120804666e+01	[29.750824726684336,38.93452958503136,50.111035390486144]
19	1.5161367120804666e+01	[29.750824726684336,38.93452958503136,50.111035390486144]	3.3226532876540858e+01	[40.412949754679,17.062294966279982,59.102723589060574]
19	3.3226532876540858e+01	[40.412949754679,17.062294966279982,59.102723589060574]	3.5880655040668969e+01	[63.549810307044865,83.9652140068923,66.52861282597227]
19	3.5880655040668969e+01	[63.549810307044865,83.9652140068923,66.52861282597227]	7.1212786994085571e+00	[68.08557341095342,49.06675556257432,52.02147035234595]
19	7.1212786994085571e+00	[68.08557341095342,49.06675556257432,52.02147035234595]	2.3545351763390737e+01	[79.97160788050023,53.69370540186825,40.113606509358924]
19	2.3545351763390737e+01	[79.97160788050023,53.69370540186825,40.113606509358924]	3.7620636215763369e+01	[47.51495156138161,46.50676939026399,89.84145242902939]
19	3.7620636215763369e+01	[47.51495156138161,46.50676939026399,89.84145242902939]	2.3755016798405244e+01	[39.28305636629023,58.922274878473864,23.65205660516727]
19	2.3755016798405244e+01	[39.28305636629023,58.922274878473864,23.65205660516727]	3.7119760502173378e+01	[57.33868146623603,76.22713420882988,22.18691535222368]
19	3.7119760502173378e+01	[57.33868146623603,76.22713420882988,22.18691535222368]	2.7535620106337959e+01	[40.222521872684794,81.65735559911924,42.847455303512966]
19	2.7535620106337959e+01	[40.222521872684794,81.65735559911924,42.847455303512966]	1.6463241386088754e+01	[40.342217692065375,28.030870491393348,54.38938041078942]
19	1.6463241386088754e+01	[40.342217692065375,28.030870491393348,54.38938041078942]	1.0808986358331296e+01	[41.01498378445402,55.38355670140544,33.45256108634353]
19	1.0808986358331296e+01	[41.01498378445402,55.38355670140544,33.45256108634353]	4.1834164938627524e+01	[39.767047641915056,51.49919117518757,11.687614678847298]
19	4.1834164938627524e+01	[39.767047641915056,51.49919117518757,11.687614678847298]	6.8352808568538819e+01	[41.23882402958297,99.32650774507145,32.25754674919013]
19	6.8352808568538819e+01	[41.23882402958297,99.32650774507145,32.25754674919013]	4.9710005224361012e+01	[92.47948736163971,68.06633899997546,45.479296088774404]
19	4.9710005224361012e+01	[92.47948736163971,68.06633899997546,45.479296088774404]	7.1130935815533107e+01	[93.1371132161159,83.98089550442721,58.91607517761639]
20	7.7909062243643057e-01	[51.7433154048522,47.12055481701683,55.038626394877404]	1.0660347642454189e+00	[54.094726079056834,45.92176057350014,53.858674334355506]
20	1.0660347642454189e+00	[54.094726079056834,45.92176057350014,53.858674334355506]	4.4797652699470385e-02	[51.743977179126816,52.51319131998337,51.382243517729506]
20	4.4797652699470385e-02	[51.743977179126816,52.51319131998337,51.382243517729506]	5.2555716486007709e-01	[47.37048629345616,48.73135739309182,51.341713250174145]
20	5.2555716486007709e-01	[47.37048629345616,48.73135739309182,51.341713250174145]	2.8480885632118452e-01	[50.1571231891972,53.16711400076156,53.84105149109552]
20	2.8480885632118452e-01	[50.1571231891972,53.16711400076156,53.84105149109552]	7.1733724942287991e-01	[52.96120361322691,56.35786370114888,50.949420267213036]
20	7.1733724942287991e-01	[52.96120361322691,56.35786370114888,50.949420267213036]	8.7608379858644603e-01	[52.170880452950165,47.06049839007719,47.099572823837484]
20	8.7608379858644603e-01	[52.170880452950165,47.06049839007719,47.099572823837484]	1.0402311055945115e+00	[48.64735369528766,56.80579965855715,53.38835343588714]
20	1.0402311055945115e+00	[48.64735369528766,56.80579965855715,53.38835343588714]	4.4518391620261277e-01	[54.01741024827969,53.80486394731559,49.27453675990569]
20	4.4518391620261277e-01	[54.01741024827969,53.80486394731559,49.27453675990569]	6.5201200561453410e-01	[47.26406404053196,48.776918835242455,49.11913938624071]
20	6.5201200561453410e-01	[47.26406404053196,48.776918835242455,49.11913938624071]	1.8107567680644259e+00	[46.34774723114179,46.06087926965027,56.0002568449981]
20	1.8107567680644259e+00	[46.34774723114179,46.06087926965027,56.0002568449981]	4.5793066540594707e-01	[49.38669833982462,55.01869983087385,52.21593498077199]
20	4.5793066540594707e-01	[49.38669833982462,55.01869983087385,52.21593498077199]	1.2650485817154478e+00	[53.40327897414607,44.93675707112322,48.62227499921539]
20	1.2650485817154478e+00	[53.40327897414607,44.93675707112322,48.62227499921539]	7.2479423610305083e-01	[47.00182946533665,54.602597103216134,51.65485186424893]
20	7.2479423610305083e-01	[47.00182946533665,54.602597103216134,51.65485186424893]	1.4071409450552403e+00	[44.031805133410636,53.43012637259022,50.702553826543195]
20	1.4071409450552403e+00	[44.031805133410636,53.43012637259022,50.702553826543195]	7.9830603163447389e-01	[50.62322214653856,47.064355630218614,47.43349358549513]
20	7.9830603163447389e-01	[50.62322214653856,47.064355630218614,47.43349358549513]	7.6369336334895610e-01	[46.28712547896805,48.73405746119081,51.57545778333451]
20	7.6369336334895610e-01	[46.28712547896805,48.73405746119081,51.57545778333451]	1.7329354492375904e+00	[56.45267321035359,57.719001575791864,50.082703675431965]
20	1.7329354492375904e+00	[56.45267321035359,57.719001575791864,50.082703675431965]	1.2797416182166907e+00	[46.293626149597785,51.57905163132108,56.47293251289083]
20	1.2797416182166907e+00	[46.293626149597785,51.57905163132108,56.47293251289083]	4.8082791395455060e-01	[50.29295465615332,53.292271318886975,47.44455603493096]
20	4.8082791395455060e-01	[50.29295465615332,53.292271318886975,47.44455603493096]	1.8371911866932202e+00	[50.26733977712968,58.72312103398552,47.03810210717323]
21	1.7669725463205321e-01	[51.45812422933205,49.41623108166293,53.201843686097156]	1.9918179067936578e-01	[49.72006592750347,52.979040178177534,52.91994244835575]
21	1.9918179067936578e-01	[49.72006592750347,52.979040178177534,52.91994244835575]	3.7701678837208118e-02	[52.36699301711075,51.28378835391329,51.81700769853877]
21	3.7701678837208118e-02	[52.36699301711075,51.28378835391329,51.81700769853877]	2.2758874423895247e-02	[51.020400404066486,52.18986466384059,51.06316324192384]
21	2.2758874423895247e-02	[51.020400404066486,52.18986466384059,51.06316324192384]	1.1865370679787508e-01	[52.666769237571344,49.56001230197141,51.287196296721575]
21	1.1865370679787508e-01	[52.666769237571344,49.56001230197141,51.287196296721575]	3.5701971722117842e-01	[53.35703371507521,53.972086925866215,49.61783605123233]
21	3.5701971722117842e-01	[53.35703371507521,53.972086925866215,49.61783605123233]	7.9065096881959882e-02	[52.748408801864066,51.29853246574085,52.24786923420356]
21	7.9065096881959882e-02	[52.748408801864066,51.29853246574085,52.24786923420356]	0.0000000000000000e+00	[51.025486469542976,51.26115090464889,51.20830125647495]
21	0.0000000000000000e+00	[51.025486469542976,51.26115090464889,51.20830125647495]	2.9336402547431629e-02	[50.82531166859752,50.23445052896167,51.439840229766176]
21	2.9336402547431629e-02	[50.82531166859752,50.23445052896167,51.439840229766176]	2.1575592085596387e-01	[53.06685604356779,53.58874648257391,51.33464928447042]
21	2.1575592085596387e-01	[53.06685604356779,53.58874648257391,51.33464928447042]	1.0412862105979870e-01	[52.13817374597469,49.416097570512385,51.60426054439048]
21	1.0412862105979870e-01	[52.13817374597469,49.416097570512385,51.60426054439048]	1.3471137566439747e-03	[51.52988707816573,51.39999807287844,51.29431623213539]
21	1.3471137566439747e-03	[51.52988707816573,51.39999807287844,51.29431623213539]	6.3711336405244678e-02	[50.278248096591874,52.548295545616185,51.3039085816305]
21	6.3711336405244678e-02	[50.278248096591874,52.548295545616185,51.3039085816305]	5.7575511586076024e-02	[52.516591650609016,52.12716178565504,51.26517628030239]
21	5.7575511586076024e-02	[52.516591650609016,52.12716178565504,51.26517628030239]	5.9683381987586333e-02	[50.72121688910605,51.97554193250706,52.537311001062186]
21	5.9683381987586333e-02	[50.72121688910605,51.97554193250706,52.537311001062186]	4.2548836281492853e-03	[51.14211441853257,50.78735714263518,51.27803313661809]
21	4.2548836281492853e-03	[51.14211441853257,50.78735714263518,51.27803313661809]	2.2595332310649443e-02	[50.651705161981155,51.98241109673895,51.51579935569838]
21	2.2595332310649443e-02	[50.651705161981155,51.98241109673895,51.51579935569838]	1.3977486041305867e-01	[53.56607901160688,51.27087414208783,50.662209042707275]
21	1.3977486041305867e-01	[53.56607901160688,51.27087414208783,50.662209042707275]	1.5945749605410196e-02	[51.175458595656835,50.415324285202,51.26887887215122]
21	1.5945749605410196e-02	[51.175458595656835,50.415324285202,51.26887887215122]	5.7184541449738523e-02	[50.657641204956725,52.64944312990213,51.48452716314057]
21	5.7184541449738523e-02	[50.657641204956725,52.64944312990213,51.48452716314057]	8.4625931455418704e-02	[52.99757962608377,50.92128303117976,51.80676514708902]
22	4.5425680343338271e-01	[51.25023414887504,47.55405739491679,49.04808963764421]	1.2059753818786518e+00	[49.10071354654786,57.90286044597512,51.00419265344735]
22	1.2059753818786518e+00	[49.10071354654786,57.90286044597512,51.00419265344735]	8.2442933436825039e-01	[53.883359258553675,56.14343811526443,52.84919267452604]
22	8.2442933436825039e-01	[53.883359258553675,56.14343811526443,52.84919267452604]	7.8723726522161763e-01	[53.722399381623106,47.08558473092498,54.168668675309824]
22	7.8723726522161763e-01	[53.722399381623106,47.08558473092498,54.168668675309824]	1.1851143348501874e+00	[52.646232083986526,54.31165804247877,45.18335982918982]
22	1.1851143348501874e+00	[52.646232083986526,54.31165804247877,45.18335982918982]	3.4791484569260017e-01	[54.261019217161866,51.25313426195243,53.50080563619374]
22	3.4791484569260017e-01	[54.261019217161866,51.25313426195243,53.50080563619374]	3.9409442309702003e-01	[49.82756123765931,52.87126649534571,47.87344863537329]
22	3.9409442309702003e-01	[49.82756123765931,52.87126649534571,47.87344863537329]	7.9290271483981656e-01	[50.99436162495203,56.28557398093367,53.847408065871726]
22	7.9290271483981656e-01	[50.99436162495203,56.28557398093367,53.847408065871726]	2.8584369966234946e-01	[49.365075517573594,48.408746667164934,51.46032172661475]
22	2.8584369966234946e-01	[49.365075517573594,48.408746667164934,51.46032172661475]	5.0108098774038445e-01	[50.821093642654866,47.4218423273966,48.88930885059558]
22	5.0108098774038445e-01	[50.821093642654866,47.4218423273966,48.88930885059558]	5.3310867056145683e-01	[49.99680400623939,50.19035131598831,55.605284646801394]
22	5.3310867056145683e-01	[49.99680400623939,50.19035131598831,55.605284646801394]	2.9067798410500623e-01	[51.76280426261016,51.25057408290686,54.64934278234138]
22	2.9067798410500623e-01	[51.76280426261016,51.25057408290686,54.64934278234138]	5.5179883828758847e-01	[50.71232430251434,47.435977165342486,48.48673533611546]
22	5.5179883828758847e-01	[50.71232430251434,47.435977165342486,48.48673533611546]	1.0257051460837960e+00	[51.72046404451912,50.82864984686988,57.67008084654804]
22	1.0257051460837960e+00	[51.72046404451912,50.82864984686988,57.67008084654804]	5.6995778423912680e-01	[52.87673717494816,52.50694899258194,55.59752991766382]
22	5.6995778423912680e-01	[52.87673717494816,52.50694899258194,55.59752991766382]	1.6769404035559143e+00	[55.72486025446708,52.33873558426218,58.090090082862616]
22	1.6769404035559143e+00	[55.72486025446708,52.33873558426218,58.090090082862616]	1.0266284229515303e+00	[48.938900602320665,55.59458748963336,55.42595498415558]
22	1.0266284229515303e+00	[48.938900602320665,55.59458748963336,55.42595498415558]	3.2538190090294217e-01	[52.75826723694211,54.38358961813213,50.185244709664154]
22	3.2538190090294217e-01	[52.75826723694211,54.38358961813213,50.185244709664154]	1.7716651457834540e-01	[52.263668470002635,49.32251217745478,49.66635826486122]
22	1.7716651457834540e-01	[52.263668470002635,49.32251217745478,49.66635826486122]	1.3687441755827473e-01	[51.00560690933548,53.575542056240074,50.89678386392677]
22	1.3687441755827473e-01	[51.00560690933548,53.575542056240074,50.89678386392677]	4.9982948050999426e-01	[52.05962534017536,48.72886679691523,47.59730398742525]
23	1.0853805776262950e+00	[47.51226197661633,46.118884501288605,49.29166117017706]	4.5274372414091185e-01	[51.96025979459033,47.08087529374845,50.507431146800755]
23	4.5274372414091185e-01	[51.96025979459033,47.08087529374845,50.507431146800755]	9.3597648785813021e+00	[42.046380923268295,34.38903154717901,54.53725563039745]
23	9.3597648785813021e+00	[42.046380923268295,34.38903154717901,54.53725563039745]	1.0957136448519924e+00	[55.070981970177925,56.687136893724784,50.72016628812948]
23	1.0957136448519924e+00	[55.070981970177925,56.687136893724784,50.72016628812948]	7.5067718453306043e+00	[43.78205407876156,41.077911577214984,39.18989441748032]
23	7.5067718453306043e+00	[43.78205407876156,41.077911577214984,39.18989441748032]	2.3658194380177303e+01	[75.88768264578627,59.787604073332695,67.96598803072428]
23	2.3658194380177303e+01	[75.88768264578627,59.787604073332695,67.96598803072428]	5.0895112200965480e+00	[43.02636093999062,57.07753899182025,41.00496487072587]
23	5.0895112200965480e+00	[43.02636093999062,57.07753899182025,41.00496487072587]	8.9761063224654780e+00	[33.143809751538974,49.57332852624498,45.452206172491415]
23	8.9761063224654780e+00	[33.143809751538974,49.57332852624498,45.452206172491415]	5.0309155589405874e+00	[39.76250497734095,42.81339161098172,50.21049771591511]
23	5.0309155589405874e+00	[39.76250497734095,42.81339161098172,50.21049771591511]	3.7634097662343078e+00	[52.515867732569774,60.35240811907824,42.990213019238794]
23	3.7634097662343078e+00	[52.515867732569774,60.35240811907824,42.990213019238794]	3.1226597333098105e-01	[53.322945564062515,50.358747325965005,48.48710250863827]
23	3.1226597333098105e-01	[53.322945564062515,50.358747325965005,48.48710250863827]	1.4158298255436614e+01	[35.482680568643936,34.771401903783264,43.876228143026374]
23	1.4158298255436614e+01	[35.482680568643936,34.771401903783264,43.876228143026374]	4.2488013983735522e+00	[40.08580868247912,45.420078463602955,54.96846590684036]
23	4.2488013983735522e+00	[40.08580868247912,45.420078463602955,54.96846590684036]	3.1050100313558602e+00	[43.15287019526901,47.37051987268831,44.506149512549364]
23	3.1050100313558602e+00	[43.15287019526901,47.37051987268831,44.506149512549364]	3.1069710261814554e+00	[51.13287015978079,48.555199988296025,40.34729057297259]
23	3.1069710261814554e+00	[51.13287015978079,48.555199988296025,40.34729057297259]	6.3971087630011225e-01	[46.32109484200913,49.939804122215236,51.393832771454804]
23	6.3971087630011225e-01	[46.32109484200913,49.939804122215236,51.393832771454804]	4.6515139574878424e+00	[47.001752539210706,42.754653036810126,41.31912376867254]
23	4.6515139574878424e+00	[47.001752539210706,42.754653036810126,41.31912376867254]	1.6776451768886063e+00	[49.134779213003554,48.72496809857852,43.67941046255046]
23	1.6776451768886063e+00	[49.134779213003554,48.72496809857852,43.67941046255046]	1.2034997343427662e+00	[50.56917377618093,55.6697337873403,45.87639678804232]
23	1.2034997343427662e+00	[50.56917377618093,55.6697337873403,45.87639678804232]	1.8043495689920908e+00	[43.62238561269229,55.131820168569384,51.168964713767565]
23	1.8043495689920908e+00	[43.62238561269229,55.131820168569384,51.168964713767565]	3.2667648404100027e+00	[50.01867286669062,51.31185159370711,39.80012190567994]
24	6.7537042851624429e+00	[52.13043270585947,67.72982697995224,50.01473703088641]	7.8261922798657748e+00	[52.2503297450466,52.04619316887534,69.0188257373813]
24	7.8261922798657748e+00	[52.2503297450466,52.04619316887534,69.0188257373813]	2.1394528925668923e+00	[47.215496069678615,43.21652901754568,48.78147754991784]
24	2.1394528925668923e+00	[47.215496069678615,43.21652901754568,48.78147754991784]	2.2487969249733237e+00	[58.3662781141801,57.27497212191949,49.18688788502605]
24	2.2487969249733237e+00	[58.3662781141801,57.27497212191949,49.18688788502605]	2.9906697982174588e+00	[52.865048927808964,60.44022656155909,57.09704705138652]
24	2.9906697982174588e+00	[52.865048927808964,60.44022656155909,57.09704705138652]	7.4383505621790658e+00	[47.46480067560322,67.9601593260545,48.39842971127338]
24	7.4383505621790658e+00	[47.46480067560322,67.9601593260545,48.39842971127338]	1.6190142655898715e-01	[49.392527087840016,52.829612776235074,50.42642996503326]
24	1.6190142655898715e-01	[49.392527087840016,52.829612776235074,50.42642996503326]	1.2348724738449446e+00	[53.19463718085681,55.26755615892948,56.74086110872289]
24	1.2348724738449446e+00	[53.19463718085681,55.26755615892948,56.74086110872289]	8.4755098710532073e-01	[49.56784024131749,54.64562661859442,55.72572704443747]
24	8.4755098710532073e-01	[49.56784024131749,54.64562661859442,55.72572704443747]	1.5578396858919423e+00	[58.12899256680707,50.17732564638946,47.40896775276613]
24	1.5578396858919423e+00	[58.12899256680707,50.17732564638946,47.40896775276613]	7.1722826591322253e-01	[54.32739125070525,50.45715436391183,55.60944598499376]
24	7.1722826591322253e-01	[54.32739125070525,50.45715436391183,55.60944598499376]	6.3606878481349609e+00	[65.43626448863958,51.34655783977521,58.77687248307787]
24	6.3606878481349609e+00	[65.43626448863958,51.34655783977521,58.77687248307787]	1.5425914223399666e+00	[57.59333367188462,50.295921721640255,46.616977166155735]
24	1.5425914223399666e+00	[57.59333367188462,50.295921721640255,46.616977166155735]	3.6088556126917002e+00	[54.439129295501864,41.11543451823411,57.04224740690434]
24	3.6088556126917002e+00	[54.439129295501864,41.11543451823411,57.04224740690434]	7.7457113594724492e-01	[52.552796975629825,48.34973298019815,46.62472831815011]
24	7.7457113594724492e-01	[52.552796975629825,48.34973298019815,46.62472831815011]	4.7405653180278460e+00	[61.90255753960032,59.11706636019019,47.14194677632698]
24	4.7405653180278460e+00	[61.90255753960032,59.11706636019019,47.14194677632698]	9.0866989878891644e+00	[51.31762871454034,53.297334303236326,32.158098027740486]
24	9.0866989878891644e+00	[51.31762871454034,53.297334303236326,32.158098027740486]	5.3938716871200167e+00	[56.47097169243347,55.63429009919817,38.12133085677037]
24	5.3938716871200167e+00	[56.47097169243347,55.63429009919817,38.12133085677037]	6.0440698433747482e+00	[48.23944419136908,60.931015385862864,63.17912375916665]
24	6.0440698433747482e+00	[48.23944419136908,60.931015385862864,63.17912375916665]	8.3701216688942601e+00	[63.912342775926604,44.61739920869264,39.62061569395281]
24	8.3701216688942601e+00	[63.912342775926604,44.61739920869264,39.62061569395281]	5.6443301425396184e+00	[58.510248250780315,60.17852626268501,61.06859543840257]
25	5.1035210183958291e-01	[55.01910652208887,53.7900035729957,51.48606409954994]	4.8461878387422985e-01	[54.6265849692385,50.72673189002669,48.41602725861483]
25	4.8461878387422985e-01	[54.6265849692385,50.72673189002669,48.41602725861483]	1.1397007552786143e-01	[52.89116006730309,52.241326701005605,50.256008325100254]
25	1.1397007552786143e-01	[52.89116006730309,52.241326701005605,50.256008325100254]	3.8112267285416834e-01	[52.48025529523559,54.18567855104378,53.56099482261297]
25	3.8112267285416834e-01	[52.48025529523559,54.18567855104378,53.56099482261297]	2.0769797621028802e-01	[51.482331238725465,54.03797050950107,50.45272607420596]
25	2.0769797621028802e-01	[51.482331238725465,54.03797050950107,50.45272607420596]	4.5961387927602465e-01	[55.36182855959354,51.87030984406178,50.07504866934878]
25	4.5961387927602465e-01	[55.36182855959354,51.87030984406178,50.07504866934878]	1.0772077956827643e-01	[52.61220364287955,52.57005306732826,52.14533620803103]
25	1.0772077956827643e-01	[52.61220364287955,52.57005306732826,52.14533620803103]	3.5485044288022072e-01	[53.120484847524736,53.868026205645904,53.26343834626015]
25	3.5485044288022072e-01	[53.120484847524736,53.868026205645904,53.26343834626015]	5.9843762955557245e-01	[55.443202080447335,52.82316242628254,49.18980473893545]
25	5.9843762955557245e-01	[55.443202080447335,52.82316242628254,49.18980473893545]	1.0082055710663043e+00	[53.908606729307444,54.58477082525037,46.48059800781187]
25	1.0082055710663043e+00	[53.908606729307444,54.58477082525037,46.48059800781187]	5.1832814349014478e-01	[53.971049538476464,53.80071587914903,48.576242259450304]
25	5.1832814349014478e-01	[53.971049538476464,53.80071587914903,48.576242259450304]	4.1136489185672037e-01	[52.398881774381806,53.52208632762612,54.44623875302629]
25	4.1136489185672037e-01	[52.398881774381806,53.52208632762612,54.44623875302629]	4.6012296276916465e-01	[48.753398274208855,52.02313910567904,54.69567088454605]
25	4.6012296276916465e-01	[48.753398274208855,52.02313910567904,54.69567088454605]	2.3237361343529805e-01	[52.776949155491124,53.847833107696836,51.8572795202172]
25	2.3237361343529805e-01	[52.776949155491124,53.847833107696836,51.8572795202172]	3.1616843745702204e-03	[51.65279619564537,51.127911188709874,51.26576266036649]
25	3.1616843745702204e-03	[51.65279619564537,51.127911188709874,51.26576266036649]	1.2161457333399960e-01	[52.93522236095555,49.91020938943307,50.658551927713035]
25	1.2161457333399960e-01	[52.93522236095555,49.91020938943307,50.658551927713035]	2.0145444975825816e-01	[52.583682584510086,50.61059284516739,48.791529755848536]
25	2.0145444975825816e-01	[52.583682584510086,50.61059284516739,48.791529755848536]	1.3413653104723872e-01	[51.30932029790974,50.64161403498743,53.51009545284032]
25	1.3413653104723872e-01	[51.30932029790974,50.64161403498743,53.51009545284032]	4.1519367292077636e-01	[54.761960221384335,52.77317366962807,49.76106935312786]
25	4.1519367292077636e-01	[54.761960221384335,52.77317366962807,49.76106935312786]	4.5123370747304346e-02	[51.860481897824236,50.891419378367026,50.07316194868945]
25	4.5123370747304346e-02	[51.860481897824236,50.891419378367026,50.07316194868945]	3.4752250684496810e-01	[54.0018931440332,52.168933761048265,48.85802278127926]
26	3.1551957419567227e+00	[51.01256154218596,46.22592782050948,41.11034901671529]	3.0188321662013036e+00	[46.38469001526896,42.513739700383894,46.495787040793076]
26	3.0188321662013036e+00	[46.38469001526896,42.513739700383894,46.495787040793076]	2.3036745652375079e-01	[52.51489861314053,51.28839161549822,54.03745407652754]
26	2.3036745652375079e-01	[52.51489861314053,51.28839161549822,54.03745407652754]	2.2881989159446574e+00	[58.90704277769737,56.58906018498738,48.870297064226094]
26	2.2881989159446574e+00	[58.90704277769737,56.58906018498738,48.870297064226094]	1.4280712491703098e+00	[54.35759282364842,46.96693447559335,56.722336021037364]
26	1.4280712491703098e+00	[54.35759282364842,46.96693447559335,56.722336021037364]	3.0075443248039382e+00	[52.63746821203806,53.48429360080844,40.51884344798842]
26	3.0075443248039382e+00	[52.63746821203806,53.48429360080844,40.51884344798842]	1.6889055912625972e+00	[52.635449000610166,55.08001235242195,44.0406672809152]
26	1.6889055912625972e+00	[52.635449000610166,55.08001235242195,44.0406672809152]	1.5691773307573836e-01	[50.65741586686604,49.29278675249412,52.74646381036367]
26	1.5691773307573836e-01	[50.65741586686604,49.29278675249412,52.74646381036367]	1.4551121965776692e+00	[47.82794389974619,44.651303409945314,53.21502299694378]
26	1.4551121965776692e+00	[47.82794389974619,44.651303409945314,53.21502299694378]	8.5314929793206264e+00	[50.17027700412586,46.045003478551266,69.07581495163295]
26	8.5314929793206264e+00	[50.17027700412586,46.045003478551266,69.07581495163295]	2.3069594947929879e+00	[50.677627968868606,41.663776432858924,52.45279381784956]
26	2.3069594947929879e+00	[50.677627968868606,41.663776432858924,52.45279381784956]	2.7668281968757142e+00	[58.72814238377719,57.95342130601376,47.88070291609661]
26	2.7668281968757142e+00	[58.72814238377719,57.95342130601376,47.88070291609661]	3.7390130986170989e-01	[54.34515013613954,52.41155886053316,53.31185805676928]
26	3.7390130986170989e-01	[54.34515013613954,52.41155886053316,53.31185805676928]	1.2469076029971382e+00	[51.77668466486877,45.79375281951416,46.707986621446956]
26	1.2469076029971382e+00	[51.77668466486877,45.79375281951416,46.707986621446956]	1.6725184075301611e+00	[56.462776822933556,48.60494345318239,45.441734872076864]
26	1.6725184075301611e+00	[56.462776822933556,48.60494345318239,45.441734872076864]	3.0812520795110836e+00	[49.872657791493715,51.81744913716601,40.16522325051543]
26	3.0812520795110836e+00	[49.872657791493715,51.81744913716601,40.16522325051543]	1.0392291273006427e+00	[53.689104161706254,57.028018257300545,49.567816989856986]
26	1.0392291273006427e+00	[53.689104161706254,57.028018257300545,49.567816989856986]	1.7460785962182754e+00	[55.47968810770299,44.05444768301492,50.142155239325334]
26	1.7460785962182754e+00	[55.47968810770299,44.05444768301492,50.142155239325334]	2.3707348763321701e+00	[61.052010192312395,50.982921095119394,51.20450956593102]
26	2.3707348763321701e+00	[61.052010192312395,50.982921095119394,51.20450956593102]	1.1947801939903444e+00	[54.962290714392175,48.607134197141534,56.513915296496535]
26	1.1947801939903444e+00	[54.962290714392175,48.607134197141534,56.513915296496535]	7.1651470591906607e-01	[49.786397381988465,47.558395274970245,47.590525003201876]
27	7.1623340565252880e-02	[52.96032221206764,51.286452323473775,51.10766153727827]	3.0492697893776921e-01	[51.44702498170257,49.63686058347032,48.11901942239412]
27	3.0492697893776921e-01	[51.44702498170257,49.63686058347032,48.11901942239412]	1.3534472896147931e-01	[50.10459395353594,49.6739303579668,49.92064338973121]
27	1.3534472896147931e-01	[50.10459395353594,49.6739303579668,49.92064338973121]	2.8263994732388792e-01	[53.75927393220157,53.35430412096254,52.12125000897583]
27	2.8263994732388792e-01	[53.75927393220157,53.35430412096254,52.12125000897583]	9.1010493570674006e-02	[51.332568625424734,53.10254121336598,51.7880535635603]
27	9.1010493570674006e-02	[51.332568625424734,53.10254121336598,51.7880535635603]	2.1616157552524826e-01	[49.54036874635456,49.347319658596874,49.732085467531085]
27	2.1616157552524826e-01	[49.54036874635456,49.347319658596874,49.732085467531085]	7.4614224990269443e-02	[49.74972327515377,51.93341405061068,51.850391584381605]
27	7.4614224990269443e-02	[49.74972327515377,51.93341405061068,51.850391584381605]	2.3575657887200460e-01	[50.39684940129696,51.43607499654707,54.222790883893424]
27	2.3575657887200460e-01	[50.39684940129696,51.43607499654707,54.222790883893424]	2.4335202857692853e-01	[53.49240180797219,53.19437859523096,52.290486937193165]
27	2.4335202857692853e-01	[53.49240180797219,53.19437859523096,52.290486937193165]	6.5667894724104711e-02	[49.678969845119724,51.06441565764888,51.71793112101044]
27	6.5667894724104711e-02	[49.678969845119724,51.06441565764888,51.71793112101044]	3.3636100178253754e-02	[51.244982552132484,50.28696673496899,50.544978425217174]
27	3.3636100178253754e-02	[51.244982552132484,50.28696673496899,50.544978425217174]	4.7358253365484376e-01	[54.15255807216581,54.12599361307233,52.83787633148125]
27	4.7358253365484376e-01	[54.15255807216581,54.12599361307233,52.83787633148125]	1.1510677283579686e-01	[49.725752313746014,50.739421752018316,49.78194200652004]
27	1.1510677283579686e-01	[49.725752313746014,50.739421752018316,49.78194200652004]	2.5600010069709845e-02	[51.44841698989755,50.27916856758559,51.58129092188067]
27	2.5600010069709845e-02	[51.44841698989755,50.27916856758559,51.58129092188067]	2.1525971744852931e-01	[49.27098993941374,49.57055005517455,49.810102487672516]
27	2.1525971744852931e-01	[49.27098993941374,49.57055005517455,49.810102487672516]	9.4965375425915526e-03	[50.666428439199144,51.163088498751456,50.94439527902466]
27	9.4965375425915526e-03	[50.666428439199144,51.163088498751456,50.94439527902466]	2.3761963992405946e-02	[51.63994019715946,50.515594224527945,50.67696897075727]
27	2.3761963992405946e-02	[51.63994019715946,50.515594224527945,50.67696897075727]	2.8335097412926652e-01	[54.07384992054493,51.491417876965166,49.37804204198298]
27	2.8335097412926652e-01	[54.07384992054493,51.491417876965166,49.37804204198298]	1.1776669728361910e-01	[53.29297580184366,51.99668722073237,51.53068920980089]
27	1.1776669728361910e-01	[53.29297580184366,51.99668722073237,51.53068920980089]	5.1854057925123520e-01	[47.131316373379285,50.985110813622725,53.26546715867637]
27	5.1854057925123520e-01	[47.131316373379285,50.985110813622725,53.26546715867637]	1.2116739220042540e-01	[49.022580464546216,51.152188640025265,51.16092622392779]
28	1.4422767515110428e+00	[57.30100769201185,48.146457825047634,47.74213746071571]	1.6309850747611780e+00	[58.35324378014099,49.67710840390066,47.608324975047104]
28	1.6309850747611780e+00	[58.35324378014099,49.67710840390066,47.608324975047104]	2.2241072748200996e-01	[53.25605998505496,51.50757908435784,53.47615181148242]
28	2.2241072748200996e-01	[53.25605998505496,51.50757908435784,53.47615181148242]	3.9796663634438983e-01	[53.45116828883491,51.36081216041179,47.88241671477203]
28	3.9796663634438983e-01	[53.45116828883491,51.36081216041179,47.88241671477203]	2.0940566239172476e-01	[52.94379321557507,53.48144036961253,52.06805225686988]
28	2.0940566239172476e-01	[52.94379321557507,53.48144036961253,52.06805225686988]	1.1923478397001868e+00	[46.293973447825955,54.11863557925035,47.29343156118294]
28	1.1923478397001868e+00	[46.293973447825955,54.11863557925035,47.29343156118294]	7.2614726480195924e-01	[56.5495179043844,52.09359444306631,50.427582525335595]
28	7.2614726480195924e-01	[56.5495179043844,52.09359444306631,50.427582525335595]	7.1262103422290191e-01	[53.58594179221217,53.4294539380044,55.5740993429272]
28	7.1262103422290191e-01	[53.58594179221217,53.4294539380044,55.5740993429272]	1.9259156883291564e-01	[50.68532241142789,53.663880152911844,49.94099381218614]
28	1.9259156883291564e-01	[50.68532241142789,53.663880152911844,49.94099381218614]	1.1609476064092084e+00	[46.430109816460835,48.53107474313834,55.31617173159096]
28	1.1609476064092084e+00	[46.430109816460835,48.53107474313834,55.31617173159096]	7.8903565391264441e-01	[55.15570806031327,53.30330197814336,47.704666237724176]
28	7.8903565391264441e-01	[55.15570806031327,53.30330197814336,47.704666237724176]	7.2246269572910171e-01	[53.03128904387062,49.229972722689624,46.545983263962675]
28	7.2246269572910171e-01	[53.03128904387062,49.229972722689624,46.545983263962675]	5.2229719666396468e-01	[55.06242459287453,49.2422639642487,49.616504443702546]
28	5.2229719666396468e-01	[55.06242459287453,49.2422639642487,49.616504443702546]	7.0713936216960172e-01	[56.256158492870945,52.7842348534179,50.115988419259374]
28	7.0713936216960172e-01	[56.256158492870945,52.7842348534179,50.115988419259374]	1.5528829398795524e-01	[51.48294865255388,49.354669596718054,49.60035347736467]
28	1.5528829398795524e-01	[51.48294865255388,49.354669596718054,49.60035347736467]	4.2345987075212704e-01	[55.2933822454861,50.5115712040798,50.68748918632454]
28	4.2345987075212704e-01	[55.2933822454861,50.5115712040798,50.68748918632454]	2.4231568596518938e+00	[47.12191474023423,51.675865232396184,42.23991673052812]
28	2.4231568596518938e+00	[47.12191474023423,51.675865232396184,42.23991673052812]	1.3021900303961131e+00	[49.966575284301214,56.596892941397805,46.49245294540333]
28	1.3021900303961131e+00	[49.966575284301214,56.596892941397805,46.49245294540333]	7.2278071156934431e-01	[56.07306316979484,53.229035647274586,52.71330493209177]
28	7.2278071156934431e-01	[56.07306316979484,53.229035647274586,52.71330493209177]	1.0726161944197663e+00	[53.87965131800556,52.7319358883261,45.38023600600656]
28	1.0726161944197663e+00	[53.87965131800556,52.7319358883261,45.38023600600656]	3.9204533999247854e-01	[49.954990161876204,47.46804139514937,51.23074431914276]
29	1.1139733982669953e-01	[51.517640544085815,49.992711212566654,52.95663106704643]	8.2704761751903544e-01	[52.49446136116369,48.248797654103136,56.0481559551009]
29	8.2704761751903544e-01	[52.49446136116369,48.248797654103136,56.0481559551009]	5.2750804666354123e-01	[50.79575756153447,49.73106236381808,55.59963370476787]
29	5.2750804666354123e-01	[50.79575756153447,49.73106236381808,55.59963370476787]	3.2413398158367634e-02	[51.58213087679963,51.6166964737698,52.30396834632116]
29	3.2413398158367634e-02	[51.58213087679963,51.6166964737698,52.30396834632116]	1.5781397703153804e-01	[51.59124959221353,52.56773159091391,53.38948602991842]
29	1.5781397703153804e-01	[51.59124959221353,52.56773159091391,53.38948602991842]	8.3895077546983421e-01	[51.044169892243644,45.728951180525264,53.14086574566564]
29	8.3895077546983421e-01	[51.044169892243644,45.728951180525264,53.14086574566564]	1.7519003222180693e-01	[50.403567983988,53.51895131036349,52.38024700557711]
29	1.7519003222180693e-01	[50.403567983988,53.51895131036349,52.38024700557711]	1.8604440994673031e-02	[51.02181348370243,51.699302476056616,51.9889637254571]
29	1.8604440994673031e-02	[51.02181348370243,51.699302476056616,51.9889637254571]	2.4018688531980623e-01	[50.50302390150251,48.967950914374086,49.236214302153776]
29	2.4018688531980623e-01	[50.50302390150251,48.967950914374086,49.236214302153776]	1.2294571707233737e-01	[51.66804665862074,51.52753867134449,49.06046756453216]
29	1.2294571707233737e-01	[51.66804665862074,51.52753867134449,49.06046756453216]	3.1560040135593231e-01	[49.25144690748763,50.651322615016376,48.32941408512544]
29	3.1560040135593231e-01	[49.25144690748763,50.651322615016376,48.32941408512544]	2.7127850814957633e-01	[49.95657288240368,50.38850119594508,48.30597353147869]
29	2.7127850814957633e-01	[49.95657288240368,50.38850119594508,48.30597353147869]	1.6939324277911744e-01	[53.49347451094247,49.97467878947181,50.74098005487085]
29	1.6939324277911744e-01	[53.49347451094247,49.97467878947181,50.74098005487085]	2.8172559064188424e-01	[53.213728540431816,51.07206965939694,54.0002721675938]
29	2.8172559064188424e-01	[53.213728540431816,51.07206965939694,54.0002721675938]	2.2508948278400295e-01	[50.245898010149126,51.13713469926614,48.389623570957745]
29	2.2508948278400295e-01	[50.245898010149126,51.13713469926614,48.389623570957745]	1.2308952013672993e-01	[51.22600842363152,52.344467318598724,49.28789682498827]
29	1.2308952013672993e-01	[51.22600842363152,52.344467318598724,49.28789682498827]	6.3684421958372442e-02	[50.71885477880207,51.24114504512483,52.78168252549267]
29	6.3684421958372442e-02	[50.71885477880207,51.24114504512483,52.78168252549267]	5.0675992586182228e-01	[48.921845714894815,47.37518045474771,51.70005404459286]
29	5.0675992586182228e-01	[48.921845714894815,47.37518045474771,51.70005404459286]	1.6532111130882290e-01	[51.676418130508765,49.090458368257785,49.861376139153364]
29	1.6532111130882290e-01	[51.676418130508765,49.090458368257785,49.861376139153364]	7.5510633524485116e-02	[51.67442975941047,52.19326325334535,49.82032994305025]
29	7.5510633524485116e-02	[51.67442975941047,52.19326325334535,49.82032994305025]	3.6254933027455150e-01	[53.981563343262856,51.43964254779858,53.938232630649246]
30	8.8630188338709476e-02	[51.95630790536682,52.94509195156082,50.73739069085851]	1.1574873929880640e+00	[53.75264960688612,47.438174574390565,46.12743202324296]
30	1.1574873929880640e+00	[53.75264960688612,47.438174574390565,46.12743202324296]	2.2961071686241705e-01	[48.87746490222365,52.635806741623426,52.59621020438629]
30	2.2961071686241705e-01	[48.87746490222365,52.635806741623426,52.59621020438629]	4.0806598972699121e-01	[48.191521597690475,49.5352988840691,53.329038212743995]
30	4.0806598972699121e-01	[48.191521597690475,49.5352988840691,53.329038212743995]	1.2803200950200380e-01	[51.648421293625695,50.9773769479239,49.00888946679323]
30	1.2803200950200380e-01	[51.648421293625695,50.9773769479239,49.00888946679323]	4.5133733777691831e-01	[47.24164679349627,51.84153834965783,52.64690242384683]
30	4.5133733777691831e-01	[47.24164679349627,51.84153834965783,52.64690242384683]	6.7764847418938934e-01	[46.89090726416322,50.01708357862008,48.59284183215753]
30	6.7764847418938934e-01	[46.89090726416322,50.01708357862008,48.59284183215753]	1.1587168641183158e-01	[51.36620365667979,49.37070919717108,52.34955027768774]
30	1.1587168641183158e-01	[51.36620365667979,49.37070919717108,52.34955027768774]	1.4145052911872915e+00	[45.00047401418717,47.04501020838862,50.38544418031986]
30	1.4145052911872915e+00	[45.00047401418717,47.04501020838862,50.38544418031986]	1.0718758575711972e-01	[49.35856087455654,50.34018724564362,51.34085080053417]
30	1.0718758575711972e-01	[49.35856087455654,50.34018724564362,51.34085080053417]	3.4474752663559771e-01	[48.15860578231152,49.1870632836997,51.747357498585885]
30	3.4474752663559771e-01	[48.15860578231152,49.1870632836997,51.747357498585885]	2.7999707759072712e-01	[48.55439949947608,50.580788906587344,53.17388585307272]
30	2.7999707759072712e-01	[48.55439949947608,50.580788906587344,53.17388585307272]	3.1941562144890627e-02	[52.04385283925137,51.96474940366347,51.690809170936]
30	3.1941562144890627e-02	[52.04385283925137,51.96474940366347,51.690809170936]	1.0494644569789058e-01	[50.47174556774579,49.91671693369427,52.6385743003117]
30	1.0494644569789058e-01	[50.47174556774579,49.91671693369427,52.6385743003117]	3.9996740907797323e-01	[47.54266529407924,49.65746756960014,51.39755241263089]
30	3.9996740907797323e-01	[47.54266529407924,49.65746756960014,51.39755241263089]	3.2594282973362465e-01	[51.14005787475648,47.932196712645826,52.75392323176823]
30	3.2594282973362465e-01	[51.14005787475648,47.932196712645826,52.75392323176823]	2.5541455991685263e-01	[49.311538281158015,49.84270781654448,49.08130692316544]
30	2.5541455991685263e-01	[49.311538281158015,49.84270781654448,49.08130692316544]	3.3353502614601760e-01	[49.97645064409395,48.22834019063237,49.55880197539345]
30	3.3353502614601760e-01	[49.97645064409395,48.22834019063237,49.55880197539345]	8.2240749509987010e-01	[46.92540182267634,47.61596325463347,52.48959684138496]
30	8.2240749509987010e-01	[46.92540182267634,47.61596325463347,52.48959684138496]	1.3883501672493359e-01	[52.390559285807655,53.146613123806794,50.37152799251259]
30	1.3883501672493359e-01	[52.390559285807655,53.146613123806794,50.37152799251259]	6.6422920720799333e-02	[52.248008615826784,52.28714393283776,52.06066951298848]
