Run	Fitness1	Solution1	Fitness2	Solution2
1	1.0838151748038214e+00	[53.72589984016853,47.57596848492036,57.82326110335386]	1.3995336199785742e+00	[57.41560424139961,50.79642358662749,45.526751214122704]
1	1.3995336199785742e+00	[57.41560424139961,50.79642358662749,45.526751214122704]	4.1401825406438126e+00	[37.82746435776196,51.87828695155669,48.342599324419844]
1	4.1401825406438126e+00	[37.82746435776196,51.87828695155669,48.342599324419844]	3.1922549083563192e+00	[47.21927965924129,43.28538608661725,60.16493887559297]
1	3.1922549083563192e+00	[47.21927965924129,43.28538608661725,60.16493887559297]	4.4737330028301807e+00	[59.086807713011126,61.92561087675134,61.15943483414089]
1	4.4737330028301807e+00	[59.086807713011126,61.92561087675134,61.15943483414089]	6.4915998495686953e+00	[65.35777605129071,54.8995368293221,64.2630467568846]
1	6.4915998495686953e+00	[65.35777605129071,54.8995368293221,64.2630467568846]	4.5744630193071751e+00	[44.66257814961934,62.059445817971266,42.944131028493956]
1	4.5744630193071751e+00	[44.66257814961934,62.059445817971266,42.944131028493956]	1.8161579504639075e+01	[68.35522934979048,59.963412410589996,27.30002661828739]
1	1.8161579504639075e+01	[68.35522934979048,59.963412410589996,27.30002661828739]	9.8158089689440065e-01	[56.69595404601968,52.521963087556436,46.637252847774924]
1	9.8158089689440065e-01	[56.69595404601968,52.521963087556436,46.637252847774924]	7.5923270749809335e+00	[63.36224303893137,53.1455071452603,35.78220887728708]
1	7.5923270749809335e+00	[63.36224303893137,53.1455071452603,35.78220887728708]	4.7950335079674895e+00	[54.62162428444022,64.1696148108412,42.31605543122837]
1	4.7950335079674895e+00	[54.62162428444022,64.1696148108412,42.31605543122837]	2.5090722168264755e+01	[69.8940127425644,24.937601376101288,36.29193264221942]
1	2.5090722168264755e+01	[69.8940127425644,24.937601376101288,36.29193264221942]	5.4698785525107381e+00	[62.33417133124575,55.6105635751588,64.82262240877671]
1	5.4698785525107381e+00	[62.33417133124575,55.6105635751588,64.82262240877671]	7.9625781684809063e+00	[53.69797624669722,45.329087134606276,32.902514316531985]
1	7.9625781684809063e+00	[53.69797624669722,45.329087134606276,32.902514316531985]	3.5815189141651222e+00	[57.59817008111124,43.9034136927264,61.43626305004142]
1	3.5815189141651222e+00	[57.59817008111124,43.9034136927264,61.43626305004142]	6.1649738007529651e+00	[48.59583424068617,61.752575515219576,37.416502517432384]
1	6.1649738007529651e+00	[48.59583424068617,61.752575515219576,37.416502517432384]	1.2503876551944897e+00	[54.86410030424568,44.52471667394436,52.914148417390955]
1	1.2503876551944897e+00	[54.86410030424568,44.52471667394436,52.914148417390955]	1.0667493289080047e+01	[65.85179446757502,67.39710488420917,63.17522102666946]
1	1.0667493289080047e+01	[65.85179446757502,67.39710488420917,63.17522102666946]	5.3085841752449170e+00	[67.80531236827436,47.93752321569115,55.046981180643925]
1	5.3085841752449170e+00	[67.80531236827436,47.93752321569115,55.046981180643925]	3.6061553558501389e+00	[51.86834502069343,64.38442402276738,46.18539538897147]
1	3.6061553558501389e+00	[51.86834502069343,64.38442402276738,46.18539538897147]	8.0378509020318862e+00	[55.99620569790095,67.14401657266961,65.11861697256641]
2	5.9900693467579724e-01	[50.675675530975354,51.650938266113876,46.59474569832367]	6.6526531288149859e-01	[57.69510131695347,52.22514417872075,53.5506121511817]
2	6.6526531288149859e-01	[57.69510131695347,52.22514417872075,53.5506121511817]	5.9582039735963632e-01	[51.66306674358198,47.06041896769703,49.470931420642295]
2	5.9582039735963632e-01	[51.66306674358198,47.06041896769703,49.470931420642295]	3.2219257374909033e-01	[50.30018576385825,48.29337346967964,51.60370264595808]
2	3.2219257374909033e-01	[50.30018576385825,48.29337346967964,51.60370264595808]	1.2876248170471809e+00	[50.689396709808314,50.016186004739964,59.83586318787265]
2	1.2876248170471809e+00	[50.689396709808314,50.016186004739964,59.83586318787265]	5.1721149538190048e-01	[48.79264236978611,50.63925767890447,48.16808319852033]
2	5.1721149538190048e-01	[48.79264236978611,50.63925767890447,48.16808319852033]	3.9329594599637124e-01	[55.19692627574121,50.28708446145296,49.274465570034536]
2	3.9329594599637124e-01	[55.19692627574121,50.28708446145296,49.274465570034536]	3.7577893763183767e-01	[50.374816952915445,48.71607883747801,54.494155328637454]
2	3.7577893763183767e-01	[50.374816952915445,48.71607883747801,54.494155328637454]	6.4944419373025786e-01	[48.84713902681036,52.74210616415005,56.84274685928122]
2	6.4944419373025786e-01	[48.84713902681036,52.74210616415005,56.84274685928122]	8.7928217384107843e-01	[50.20852567100591,46.58035425002824,55.62162417839257]
2	8.7928217384107843e-01	[50.20852567100591,46.58035425002824,55.62162417839257]	6.1499474405575127e-01	[53.71803658508493,51.13039333652081,46.68227967394656]
2	6.1499474405575127e-01	[53.71803658508493,51.13039333652081,46.68227967394656]	1.4680220644313338e-01	[53.427599518299715,54.39885647326415,52.39885523145094]
2	1.4680220644313338e-01	[53.427599518299715,54.39885647326415,52.39885523145094]	1.5859257069110877e-01	[50.922459885945244,53.73359022574693,49.93728350468023]
2	1.5859257069110877e-01	[50.922459885945244,53.73359022574693,49.93728350468023]	1.2811828962446785e+00	[53.07202856001172,45.98100844074101,46.61761565461547]
2	1.2811828962446785e+00	[53.07202856001172,45.98100844074101,46.61761565461547]	4.0971353322697707e-01	[50.72114683710397,53.98807684332787,55.99932368206101]
2	4.0971353322697707e-01	[50.72114683710397,53.98807684332787,55.99932368206101]	5.3760539154914383e-03	[51.813295841967516,51.56506089565464,52.54209910595044]
2	5.3760539154914383e-03	[51.813295841967516,51.56506089565464,52.54209910595044]	7.8237374478931354e-01	[46.15503917203325,49.566559565310484,51.32281553862638]
2	7.8237374478931354e-01	[46.15503917203325,49.566559565310484,51.32281553862638]	5.7401819732067816e-02	[52.76731252777413,50.70199274426682,51.049159248229394]
2	5.7401819732067816e-02	[52.76731252777413,50.70199274426682,51.049159248229394]	1.6831819648362048e-01	[53.641578689749714,50.286095275947154,53.83636255008908]
2	1.6831819648362048e-01	[53.641578689749714,50.286095275947154,53.83636255008908]	7.4861423577768760e-02	[50.17898125721281,52.87044219782018,51.864954957395575]
2	7.4861423577768760e-02	[50.17898125721281,52.87044219782018,51.864954957395575]	8.4518201175153837e-02	[51.49931017493934,53.384869395100615,50.4398880117005]
3	1.9114149842840291e-02	[51.22764767925009,52.37398293440723,51.31589070831527]	4.4993655567771906e-02	[52.151516040545175,52.9994513978512,53.269202144965696]
3	4.4993655567771906e-02	[52.151516040545175,52.9994513978512,53.269202144965696]	2.5903415527430761e-02	[52.74588077562698,52.592049683955615,52.85516764290581]
3	2.5903415527430761e-02	[52.74588077562698,52.592049683955615,52.85516764290581]	1.7628186239340463e-03	[51.665275428280246,51.55215084680462,52.038322224069155]
3	1.7628186239340463e-03	[51.665275428280246,51.55215084680462,52.038322224069155]	1.6387657940483906e-02	[51.93376050455504,51.72904011570865,53.01462567935479]
3	1.6387657940483906e-02	[51.93376050455504,51.72904011570865,53.01462567935479]	1.6243731469851242e-02	[52.55100934110399,51.168233720614886,51.7287825296459]
3	1.6243731469851242e-02	[52.55100934110399,51.168233720614886,51.7287825296459]	4.1847729614903455e-02	[52.082922980747306,53.475361113242144,51.49797732179254]
3	4.1847729614903455e-02	[52.082922980747306,53.475361113242144,51.49797732179254]	4.7517295682131248e-02	[50.995195412179925,52.6135558730967,53.15580359478292]
3	4.7517295682131248e-02	[50.995195412179925,52.6135558730967,53.15580359478292]	2.0877238173887484e-02	[51.091014490920045,52.69147056569114,52.12730574238337]
3	2.0877238173887484e-02	[51.091014490920045,52.69147056569114,52.12730574238337]	1.7399877346046110e-02	[52.84379373060885,51.510320032522166,52.45972763569484]
3	1.7399877346046110e-02	[52.84379373060885,51.510320032522166,52.45972763569484]	1.2123033839182304e-02	[51.51756777306303,51.47798563858532,52.594880865780496]
3	1.2123033839182304e-02	[51.51756777306303,51.47798563858532,52.594880865780496]	4.9523205843979403e-03	[51.91398608286631,51.32133777884542,52.11721116020786]
3	4.9523205843979403e-03	[51.91398608286631,51.32133777884542,52.11721116020786]	3.3102389042109631e-02	[52.0797268289443,52.26962938430236,50.63922467876991]
3	3.3102389042109631e-02	[52.0797268289443,52.26962938430236,50.63922467876991]	1.8981453144645374e-02	[51.92229577103188,52.43011132303247,53.03361283942015]
3	1.8981453144645374e-02	[51.92229577103188,52.43011132303247,53.03361283942015]	5.1483584890141525e-03	[51.37871759420718,51.84783525564622,51.730170181732056]
3	5.1483584890141525e-03	[51.37871759420718,51.84783525564622,51.730170181732056]	0.0000000000000000e+00	[51.94010696960834,52.10946811726887,51.53582788229783]
3	0.0000000000000000e+00	[51.94010696960834,52.10946811726887,51.53582788229783]	1.3781462884921457e-02	[52.25002041807726,52.95837807398709,52.08135999451634]
3	1.3781462884921457e-02	[52.25002041807726,52.95837807398709,52.08135999451634]	4.2782184890327807e-03	[52.03948166964521,52.25845681593429,52.646796886753]
3	4.2782184890327807e-03	[52.03948166964521,52.25845681593429,52.646796886753]	1.9392731583362283e-03	[52.17159635844729,52.43968186664526,51.64567631376746]
3	1.9392731583362283e-03	[52.17159635844729,52.43968186664526,51.64567631376746]	2.8840638282673749e-03	[52.11402317784898,51.40493815351191,52.121214645098725]
3	2.8840638282673749e-03	[52.11402317784898,51.40493815351191,52.121214645098725]	2.3055785762980509e-03	[51.56665714759953,51.97165774387902,52.413582600432]
4	2.6881959950427020e-01	[48.5173315232892,52.21808508798757,50.631220667245515]	1.1695359794814576e-01	[52.56776251709388,50.2135926232951,50.35253107399529]
4	1.1695359794814576e-01	[52.56776251709388,50.2135926232951,50.35253107399529]	3.3949856283704621e-01	[49.35919225416038,48.73053932798152,52.1396947102626]
4	3.3949856283704621e-01	[49.35919225416038,48.73053932798152,52.1396947102626]	2.7253101904099231e-01	[50.396217020552086,53.529745881148486,55.08572649272482]
4	2.7253101904099231e-01	[50.396217020552086,53.529745881148486,55.08572649272482]	3.5734880913499467e-01	[53.624738774374,54.461069498392796,55.199682331802336]
4	3.5734880913499467e-01	[53.624738774374,54.461069498392796,55.199682331802336]	1.4578420242798359e-01	[50.99015339610287,49.49584370604729,52.65635542202334]
4	1.4578420242798359e-01	[50.99015339610287,49.49584370604729,52.65635542202334]	4.0121717118646605e-01	[52.21409597185597,55.00853432633611,48.54724672835612]
4	4.0121717118646605e-01	[52.21409597185597,55.00853432633611,48.54724672835612]	7.2608285920360993e-01	[54.1155296175241,47.361686925902745,55.447627128033275]
4	7.2608285920360993e-01	[54.1155296175241,47.361686925902745,55.447627128033275]	2.0111401155853154e-01	[49.26518359316865,52.40773608372516,50.29338903783002]
4	2.0111401155853154e-01	[49.26518359316865,52.40773608372516,50.29338903783002]	3.8145954425409534e-01	[51.55565974217625,54.75775326228722,48.51161091873281]
4	3.8145954425409534e-01	[51.55565974217625,54.75775326228722,48.51161091873281]	7.3541752694408213e-01	[49.17770446275214,53.2142968839518,46.64076323832663]
4	7.3541752694408213e-01	[49.17770446275214,53.2142968839518,46.64076323832663]	5.2314200830369162e-01	[48.85750054984274,56.17675958989277,51.79916360979505]
4	5.2314200830369162e-01	[48.85750054984274,56.17675958989277,51.79916360979505]	1.9759519483370688e-01	[53.174118137185076,49.12560320076192,52.903397845088804]
4	1.9759519483370688e-01	[53.174118137185076,49.12560320076192,52.903397845088804]	4.0745379564592912e-02	[51.917363230796475,51.14313508125173,50.75253729527646]
4	4.0745379564592912e-02	[51.917363230796475,51.14313508125173,50.75253729527646]	1.1500376241074314e-01	[50.141641683014605,50.41109895295421,52.378930366403615]
4	1.1500376241074314e-01	[50.141641683014605,50.41109895295421,52.378930366403615]	3.9608456293015099e-01	[56.47316930972272,51.3082519602911,52.61725337847298]
4	3.9608456293015099e-01	[56.47316930972272,51.3082519602911,52.61725337847298]	1.4191967964011665e-01	[49.91305186660633,51.3487533021683,50.35576140397249]
4	1.4191967964011665e-01	[49.91305186660633,51.3487533021683,50.35576140397249]	2.1833862772218307e-01	[50.548402786302475,53.6219555761216,54.62363577320528]
4	2.1833862772218307e-01	[50.548402786302475,53.6219555761216,54.62363577320528]	1.2627094276330294e-02	[52.0563332388219,51.539548500919885,51.19378946536606]
4	1.2627094276330294e-02	[52.0563332388219,51.539548500919885,51.19378946536606]	7.2841819560210352e-02	[50.85367505186306,51.70701196509528,50.406669703434375]
4	7.2841819560210352e-02	[50.85367505186306,51.70701196509528,50.406669703434375]	2.1784170881625767e-01	[50.793466501871336,54.81716802312797,53.48695960246205]
5	8.6281074912060252e-01	[47.41497876737718,53.77558381351372,47.46396265953098]	9.9646138294159836e-01	[56.336496989816,56.063934683857866,47.92011836617224]
5	9.9646138294159836e-01	[56.336496989816,56.063934683857866,47.92011836617224]	5.1150868624332047e-01	[51.208004045931865,49.28220805529396,47.6955864773984]
5	5.1150868624332047e-01	[51.208004045931865,49.28220805529396,47.6955864773984]	7.7382932633844359e-01	[51.76482986376171,58.17656556157524,50.50607168149219]
5	7.7382932633844359e-01	[51.76482986376171,58.17656556157524,50.50607168149219]	5.5665634742280523e-01	[56.3265995662162,52.04830350917818,48.77770309358596]
5	5.5665634742280523e-01	[56.3265995662162,52.04830350917818,48.77770309358596]	5.3193940369300874e-01	[57.19198226965,52.86550144781367,52.504438501899656]
5	5.3193940369300874e-01	[57.19198226965,52.86550144781367,52.504438501899656]	1.2283587170167187e+00	[59.818950333038174,50.38358453497943,52.53882254340011]
5	1.2283587170167187e+00	[59.818950333038174,50.38358453497943,52.53882254340011]	3.1500798806448807e-02	[52.07989577653856,52.75291510850749,50.86321966480813]
5	3.1500798806448807e-02	[52.07989577653856,52.75291510850749,50.86321966480813]	9.5211207521817595e-02	[50.710546135609064,53.55819697695795,50.96871013930914]
5	9.5211207521817595e-02	[50.710546135609064,53.55819697695795,50.96871013930914]	1.0128230892665495e+00	[58.61084881375898,49.73487099748265,50.01743836507601]
5	1.0128230892665495e+00	[58.61084881375898,49.73487099748265,50.01743836507601]	1.1479958566507646e+00	[54.22090099097266,47.279574924995856,46.317789788059265]
5	1.1479958566507646e+00	[54.22090099097266,47.279574924995856,46.317789788059265]	1.2986279117648485e+00	[59.94059211673003,51.38123699015169,49.94906853948838]
5	1.2986279117648485e+00	[59.94059211673003,51.38123699015169,49.94906853948838]	1.8326863099947710e-01	[49.91439854417237,50.10901195636998,53.32005629280085]
5	1.8326863099947710e-01	[49.91439854417237,50.10901195636998,53.32005629280085]	1.3236716280536689e+00	[45.54818164260834,55.02054569606251,56.2518536182039]
5	1.3236716280536689e+00	[45.54818164260834,55.02054569606251,56.2518536182039]	8.4277157095377542e-01	[56.56843649196924,54.11041919547322,47.6835724253577]
5	8.4277157095377542e-01	[56.56843649196924,54.11041919547322,47.6835724253577]	8.4418012072192539e-01	[46.26222025510963,49.79618276976988,54.46038311918029]
5	8.4418012072192539e-01	[46.26222025510963,49.79618276976988,54.46038311918029]	3.1478049662427049e-01	[55.606629175674954,53.600509953198404,50.95980191975312]
5	3.1478049662427049e-01	[55.606629175674954,53.600509953198404,50.95980191975312]	3.6112916613607354e-01	[48.00543004136286,50.625510259689044,52.996209372328984]
5	3.6112916613607354e-01	[48.00543004136286,50.625510259689044,52.996209372328984]	3.3349029094628652e-01	[53.26353351386558,54.345227433117095,48.77059633121176]
5	3.3349029094628652e-01	[53.26353351386558,54.345227433117095,48.77059633121176]	1.5701485362666499e+00	[43.496194769807346,50.5382314789656,54.63431165011686]
5	1.5701485362666499e+00	[43.496194769807346,50.5382314789656,54.63431165011686]	8.6224326165146226e-01	[51.56578329598438,50.424937955749684,58.50759736627103]
6	4.4085516691286536e+01	[43.105957555511935,81.55652097137954,15.52022099477625]	2.3175622742897474e+01	[66.5580399479988,62.464045670131696,81.67612255969645]
6	2.3175622742897474e+01	[66.5580399479988,62.464045670131696,81.67612255969645]	2.8482643437372928e+01	[41.99610492175435,74.85002486483314,81.23165786215176]
6	2.8482643437372928e+01	[41.99610492175435,74.85002486483314,81.23165786215176]	3.3190625206502716e+01	[33.01704187576624,62.250291985409625,16.60251181243777]
6	3.3190625206502716e+01	[33.01704187576624,62.250291985409625,16.60251181243777]	7.2733997171975886e+01	[7.936450488799109,46.24785656701534,9.681496919762978]
6	7.2733997171975886e+01	[7.936450488799109,46.24785656701534,9.681496919762978]	6.9035221588290440e+01	[21.413061845605906,80.6157651941013,94.69485101069202]
6	6.9035221588290440e+01	[21.413061845605906,80.6157651941013,94.69485101069202]	1.9089438132695843e+01	[27.632030319228896,44.932746271101685,70.57429024628424]
6	1.9089438132695843e+01	[27.632030319228896,44.932746271101685,70.57429024628424]	1.2228264218198504e+01	[33.860719149127306,39.29563035884108,63.94801420704854]
6	1.2228264218198504e+01	[33.860719149127306,39.29563035884108,63.94801420704854]	2.2092200132307582e+01	[40.900462379424674,83.48308764159098,46.46820409951097]
6	2.2092200132307582e+01	[40.900462379424674,83.48308764159098,46.46820409951097]	1.2434311277625019e+01	[55.9878229189744,56.69762461226081,76.64145210244871]
6	1.2434311277625019e+01	[55.9878229189744,56.69762461226081,76.64145210244871]	7.4167962636831239e+00	[58.274988488126574,44.72589101675221,34.92110058169426]
6	7.4167962636831239e+00	[58.274988488126574,44.72589101675221,34.92110058169426]	1.0000000000000000e+02	[6.564208914446082,100.0,23.51910560024852]
6	1.0000000000000000e+02	[6.564208914446082,100.0,23.51910560024852]	2.0312920915844281e+00	[46.249272161054186,60.42404481669284,53.234704178113375]
6	2.0312920915844281e+00	[46.249272161054186,60.42404481669284,53.234704178113375]	7.0854876439268564e+00	[42.030658992862406,53.860772423599485,68.26722286651821]
6	7.0854876439268564e+00	[42.030658992862406,53.860772423599485,68.26722286651821]	3.0873463606933019e+01	[17.01370866639864,70.71418723934082,56.99367453544163]
6	3.0873463606933019e+01	[17.01370866639864,70.71418723934082,56.99367453544163]	4.0276110653141188e+01	[25.563870654917856,36.82845573325138,86.01913060563118]
6	4.0276110653141188e+01	[25.563870654917856,36.82845573325138,86.01913060563118]	6.8051730414297921e+01	[91.64269737337139,9.826119969185672,38.7813203545806]
6	6.8051730414297921e+01	[91.64269737337139,9.826119969185672,38.7813203545806]	5.4700470264029315e+00	[53.103103441844134,65.3431051217885,41.7804389723225]
6	5.4700470264029315e+00	[53.103103441844134,65.3431051217885,41.7804389723225]	9.4610520003326286e+00	[65.79109016836802,68.50718961386218,57.341704925847885]
6	9.4610520003326286e+00	[65.79109016836802,68.50718961386218,57.341704925847885]	1.7114843209102364e+01	[62.24151498955431,79.97633910417143,51.58735926740149]
6	1.7114843209102364e+01	[62.24151498955431,79.97633910417143,51.58735926740149]	4.6469717689179335e+00	[45.70395152152706,55.46484426358544,38.25616965224909]
7	2.5476639733635964e+00	[56.65266095156399,61.25687374623504,46.99040896286792]	5.1083380866032613e-01	[50.7406677213906,50.06228656356471,56.625760968153216]
7	5.1083380866032613e-01	[50.7406677213906,50.06228656356471,56.625760968153216]	2.4591456643231391e+00	[42.53367022838254,50.70997013135826,46.00589417526383]
7	2.4591456643231391e+00	[42.53367022838254,50.70997013135826,46.00589417526383]	1.7388864080878197e-01	[49.54771124004962,51.89799957224198,50.23465838077889]
7	1.7388864080878197e-01	[49.54771124004962,51.89799957224198,50.23465838077889]	3.7228691160863301e+00	[54.87081697411187,40.89256353049085,59.839555308143346]
7	3.7228691160863301e+00	[54.87081697411187,40.89256353049085,59.839555308143346]	3.7583117771856842e+00	[43.68850727106288,63.09801556431435,53.66914489540283]
7	3.7583117771856842e+00	[43.68850727106288,63.09801556431435,53.66914489540283]	7.9222646144713124e-02	[51.137159215464344,52.33945106568583,50.1490791736787]
7	7.9222646144713124e-02	[51.137159215464344,52.33945106568583,50.1490791736787]	5.1023079843073573e-03	[52.42961401770842,52.56209000895989,52.186351120192136]
7	5.1023079843073573e-03	[52.42961401770842,52.56209000895989,52.186351120192136]	7.3877638734063078e-01	[49.026139663844916,56.76463776552288,49.36502099701829]
7	7.3877638734063078e-01	[49.026139663844916,56.76463776552288,49.36502099701829]	1.1514629414037385e+00	[46.50139372000181,56.1302174061204,48.46859699967593]
7	1.1514629414037385e+00	[46.50139372000181,56.1302174061204,48.46859699967593]	2.9237807260590976e+00	[57.65006041033288,59.414769919160086,43.942940947918316]
7	2.9237807260590976e+00	[57.65006041033288,59.414769919160086,43.942940947918316]	6.9111775043546153e-01	[46.38878554989371,52.22665172243126,54.10281613800613]
7	6.9111775043546153e-01	[46.38878554989371,52.22665172243126,54.10281613800613]	4.4073691765518452e+00	[38.598426176539746,51.71066914053856,58.977688919712776]
7	4.4073691765518452e+00	[38.598426176539746,51.71066914053856,58.977688919712776]	4.0960512311808213e+00	[38.41862642097254,51.160881598109555,57.19876235464553]
7	4.0960512311808213e+00	[38.41862642097254,51.160881598109555,57.19876235464553]	5.9652846560881123e-01	[47.70297765522203,48.46907423296952,52.12918945954042]
7	5.9652846560881123e-01	[47.70297765522203,48.46907423296952,52.12918945954042]	3.6315908699877926e+00	[48.57204302785302,57.829310944666354,40.06741898141821]
7	3.6315908699877926e+00	[48.57204302785302,57.829310944666354,40.06741898141821]	1.7327576946807024e+00	[44.42906491924705,47.1904298456394,48.973323944774286]
7	1.7327576946807024e+00	[44.42906491924705,47.1904298456394,48.973323944774286]	2.5223758697346637e+00	[43.37477898303669,45.34716991015264,48.56830889716898]
7	2.5223758697346637e+00	[43.37477898303669,45.34716991015264,48.56830889716898]	3.7381993778941455e-02	[53.1544911598255,52.804314371388365,51.51526409126797]
7	3.7381993778941455e-02	[53.1544911598255,52.804314371388365,51.51526409126797]	1.4226807655161224e+00	[57.72303624331788,50.16625914851768,58.17028118170478]
7	1.4226807655161224e+00	[57.72303624331788,50.16625914851768,58.17028118170478]	1.2260348799599170e+00	[48.747087454188616,58.5897712918567,48.8777191745951]
8	2.8090836422759238e+00	[54.69721516860426,62.9154508383703,47.577366227686404]	1.8341895651229607e+00	[49.56011359903192,43.71694185408241,47.49352694002929]
8	1.8341895651229607e+00	[49.56011359903192,43.71694185408241,47.49352694002929]	8.3349939395601436e-01	[45.72649423308312,50.37133670345422,50.912887455985725]
8	8.3349939395601436e-01	[45.72649423308312,50.37133670345422,50.912887455985725]	8.3978378880841884e+00	[51.80757190288719,32.66979176042222,59.826920741626125]
8	8.3978378880841884e+00	[51.80757190288719,32.66979176042222,59.826920741626125]	6.8595561997072096e-01	[56.595156758797806,55.690422565246514,50.895878852830116]
8	6.8595561997072096e-01	[56.595156758797806,55.690422565246514,50.895878852830116]	1.5188686495504646e+00	[55.04831940764509,44.354905104002384,48.68631066153645]
8	1.5188686495504646e+00	[55.04831940764509,44.354905104002384,48.68631066153645]	3.5927184263126830e+00	[55.064769811560744,38.858619083753254,50.011920703666576]
8	3.5927184263126830e+00	[55.064769811560744,38.858619083753254,50.011920703666576]	5.3462597717734162e-01	[51.41020744367783,47.560072698403275,54.79609538647801]
8	5.3462597717734162e-01	[51.41020744367783,47.560072698403275,54.79609538647801]	3.4468574046887275e+00	[46.28962886120526,39.978956030619464,53.12153646259784]
8	3.4468574046887275e+00	[46.28962886120526,39.978956030619464,53.12153646259784]	5.2686144959125860e+00	[62.43722346317817,57.85928556703669,63.42727360262799]
8	5.2686144959125860e+00	[62.43722346317817,57.85928556703669,63.42727360262799]	3.1180689732696337e-01	[55.930456754228025,52.537583008490984,51.136401120886575]
8	3.1180689732696337e-01	[55.930456754228025,52.537583008490984,51.136401120886575]	3.4011924509596803e+00	[50.152567418528804,42.628809900022745,61.227155760844255]
8	3.4011924509596803e+00	[50.152567418528804,42.628809900022745,61.227155760844255]	2.6517032560967553e+00	[47.39882052668738,43.791266692928524,58.99279525973595]
8	2.6517032560967553e+00	[47.39882052668738,43.791266692928524,58.99279525973595]	3.4980187440203596e+00	[52.178180431358896,43.09639717345831,41.917299778873804]
8	3.4980187440203596e+00	[52.178180431358896,43.09639717345831,41.917299778873804]	2.4190302032135604e+00	[57.87114338317749,49.11653121713789,61.11401610208205]
8	2.4190302032135604e+00	[57.87114338317749,49.11653121713789,61.11401610208205]	2.7812909073920271e+00	[58.47768061483474,52.47369362428014,41.89811626424159]
8	2.7812909073920271e+00	[58.47768061483474,52.47369362428014,41.89811626424159]	3.1488381435106145e+00	[63.84328874245594,55.23895263803162,55.61454020488748]
8	3.1488381435106145e+00	[63.84328874245594,55.23895263803162,55.61454020488748]	3.3395130947804277e+00	[43.854351166814794,58.516631232174596,60.03554792957258]
8	3.3395130947804277e+00	[43.854351166814794,58.516631232174596,60.03554792957258]	1.6381530821045778e+00	[43.913400602236834,52.283091411042335,47.60472192859889]
8	1.6381530821045778e+00	[43.913400602236834,52.283091411042335,47.60472192859889]	3.1633546641433057e+00	[60.74503751264396,60.65872140043364,48.39455239148652]
8	3.1633546641433057e+00	[60.74503751264396,60.65872140043364,48.39455239148652]	1.4916723367741156e+00	[46.54706500257903,45.23326894442382,53.30887604104004]
9	1.6597074807118766e+01	[67.81276082000461,76.69770971202811,52.99326330096628]	3.0108675855789078e+00	[57.87277061556751,62.93186813054521,53.63423251186836]
9	3.0108675855789078e+00	[57.87277061556751,62.93186813054521,53.63423251186836]	1.6249375486622348e+01	[45.827783931655325,23.68146574351395,53.040159060939864]
9	1.6249375486622348e+01	[45.827783931655325,23.68146574351395,53.040159060939864]	2.8394032506296987e+00	[62.305561093492,58.0960912424521,49.922972734453]
9	2.8394032506296987e+00	[62.305561093492,58.0960912424521,49.922972734453]	1.4734273121666838e-01	[49.565696576109964,50.85740669762201,51.268957776501516]
9	1.4734273121666838e-01	[49.565696576109964,50.85740669762201,51.268957776501516]	5.6120168618032273e-01	[50.26034440366311,48.876911220728175,47.96163538635462]
9	5.6120168618032273e-01	[50.26034440366311,48.876911220728175,47.96163538635462]	9.9597037572592289e+00	[69.71091334961943,54.54158212735079,66.03122483109853]
9	9.9597037572592289e+00	[69.71091334961943,54.54158212735079,66.03122483109853]	1.1200918238963307e+00	[53.776283039701234,45.63237450345156,48.21184592960765]
9	1.1200918238963307e+00	[53.776283039701234,45.63237450345156,48.21184592960765]	7.2635816500450003e+00	[61.84150282767958,35.49177056566568,54.64877696843408]
9	7.2635816500450003e+00	[61.84150282767958,35.49177056566568,54.64877696843408]	9.2162008971332643e+00	[58.39544100124423,71.60407775037403,44.727679372855285]
9	9.2162008971332643e+00	[58.39544100124423,71.60407775037403,44.727679372855285]	2.4430266073509429e+01	[60.14609834942946,18.04423063536713,45.25053648662915]
9	2.4430266073509429e+01	[60.14609834942946,18.04423063536713,45.25053648662915]	3.3461594984892606e+00	[40.3378465784369,52.99184823307136,58.03872219681027]
9	3.3461594984892606e+00	[40.3378465784369,52.99184823307136,58.03872219681027]	1.5382323314502031e+00	[59.95028956846439,54.98202284948881,49.16716063276062]
9	1.5382323314502031e+00	[59.95028956846439,54.98202284948881,49.16716063276062]	2.7373175105678693e+00	[47.03246810562939,42.39413650862782,56.984438305684954]
9	2.7373175105678693e+00	[47.03246810562939,42.39413650862782,56.984438305684954]	9.4595925873909259e+00	[34.79809903492508,50.68514808282098,65.87428888894384]
9	9.4595925873909259e+00	[34.79809903492508,50.68514808282098,65.87428888894384]	4.3714706346085768e+00	[61.74962138257041,62.61312801685233,56.42837022931853]
9	4.3714706346085768e+00	[61.74962138257041,62.61312801685233,56.42837022931853]	6.5042440427009742e+00	[48.81902459657179,38.468535812152254,63.992605117948784]
9	6.5042440427009742e+00	[48.81902459657179,38.468535812152254,63.992605117948784]	3.3889133482684763e+00	[46.040114066267755,45.223415761333285,61.70918457732338]
9	3.3889133482684763e+00	[46.040114066267755,45.223415761333285,61.70918457732338]	1.3428404029560108e+00	[52.03636450630466,51.68673692055972,60.360827335808565]
9	1.3428404029560108e+00	[52.03636450630466,51.68673692055972,60.360827335808565]	9.0723257374256039e-01	[54.00445690688701,46.08749160406938,49.15552259233796]
9	9.0723257374256039e-01	[54.00445690688701,46.08749160406938,49.15552259233796]	5.1605610593191011e+00	[56.58216433008392,39.468467105284844,61.463608222797454]
10	6.6572129859390614e+00	[50.84566583872992,34.51201813240937,58.132555488775836]	2.8657893718590346e+00	[47.378172283680435,62.397684164429606,47.61247032689543]
10	2.8657893718590346e+00	[47.378172283680435,62.397684164429606,47.61247032689543]	4.8365023911631742e+00	[39.887803095983564,54.02189458113524,61.998781714365215]
10	4.8365023911631742e+00	[39.887803095983564,54.02189458113524,61.998781714365215]	1.1997595479553313e+01	[58.86492733643935,75.83919521843093,49.357395444149894]
10	1.1997595479553313e+01	[58.86492733643935,75.83919521843093,49.357395444149894]	1.0117581900892020e+01	[57.67570835853371,32.808411033813925,63.12382537201533]
10	1.0117581900892020e+01	[57.67570835853371,32.808411033813925,63.12382537201533]	2.7481174617230089e+00	[60.87823090607632,44.821976617520505,55.51811688630816]
10	2.7481174617230089e+00	[60.87823090607632,44.821976617520505,55.51811688630816]	9.0369650529124612e-01	[51.94395787719397,48.569544605643685,46.08004990532483]
10	9.0369650529124612e-01	[51.94395787719397,48.569544605643685,46.08004990532483]	1.1146384041108156e+01	[31.152427901985913,41.25350798046707,57.181857140141375]
10	1.1146384041108156e+01	[31.152427901985913,41.25350798046707,57.181857140141375]	2.7704443439059691e+01	[62.384446813738776,50.095187705690904,88.4003564486813]
10	2.7704443439059691e+01	[62.384446813738776,50.095187705690904,88.4003564486813]	9.4502245862059784e+00	[34.42637174713157,54.60670946381448,38.830766298800775]
10	9.4502245862059784e+00	[34.42637174713157,54.60670946381448,38.830766298800775]	3.8495537792252006e+00	[45.837263656211285,43.3292046083265,61.29229073216155]
10	3.8495537792252006e+00	[45.837263656211285,43.3292046083265,61.29229073216155]	9.8474874838673934e+00	[48.28298441564715,35.25221747020736,66.69320529530734]
10	9.8474874838673934e+00	[48.28298441564715,35.25221747020736,66.69320529530734]	7.8157873258811614e+00	[48.88511473512833,71.63580106170319,48.81179748496228]
10	7.8157873258811614e+00	[48.88511473512833,71.63580106170319,48.81179748496228]	2.8853888867356772e+00	[55.86127308913592,62.93400667233131,55.96386353850602]
10	2.8853888867356772e+00	[55.86127308913592,62.93400667233131,55.96386353850602]	1.4123427170363234e+01	[57.87627110365535,74.5491391192017,65.78026596002404]
10	1.4123427170363234e+01	[57.87627110365535,74.5491391192017,65.78026596002404]	5.2191074824405526e+00	[47.24962970304558,45.17214189293971,37.83104713805561]
10	5.2191074824405526e+00	[47.24962970304558,45.17214189293971,37.83104713805561]	8.1257420449587165e+00	[66.6372573442589,42.12960203111337,41.54358452568489]
10	8.1257420449587165e+00	[66.6372573442589,42.12960203111337,41.54358452568489]	2.9717767887903572e+00	[52.41217041623187,41.61854010285109,58.79372478585713]
10	2.9717767887903572e+00	[52.41217041623187,41.61854010285109,58.79372478585713]	1.1327022720215682e+01	[45.50356148717489,60.487094931059005,30.268691822295064]
10	1.1327022720215682e+01	[45.50356148717489,60.487094931059005,30.268691822295064]	1.6428294526033856e+01	[44.95786901144362,23.734059670558338,50.67681072699403]
10	1.6428294526033856e+01	[44.95786901144362,23.734059670558338,50.67681072699403]	6.2355900191379847e+00	[69.7578581519947,50.66309688176119,54.567258956677016]
11	2.2777723383342949e-01	[54.87026475718113,53.27117696099717,53.5257638550626]	2.7952579953272272e-01	[52.20840089355518,50.628698677385664,55.585752747201894]
11	2.7952579953272272e-01	[52.20840089355518,50.628698677385664,55.585752747201894]	1.6386234956497816e+00	[47.566622820239594,48.26082824500793,59.17359889314994]
11	1.6386234956497816e+00	[47.566622820239594,48.26082824500793,59.17359889314994]	6.6495063369524898e-01	[54.25481848662162,57.405805520968556,51.25692545609139]
11	6.6495063369524898e-01	[54.25481848662162,57.405805520968556,51.25692545609139]	6.3356920906161296e-01	[52.998048080232394,47.385612608639484,55.280715837334505]
11	6.3356920906161296e-01	[52.998048080232394,47.385612608639484,55.280715837334505]	3.6765784108184436e-02	[51.16894550806912,51.88163272040638,50.82191048855993]
11	3.6765784108184436e-02	[51.16894550806912,51.88163272040638,50.82191048855993]	1.3874356637306768e+00	[59.8768981068286,51.89974960552366,48.81100057668125]
11	1.3874356637306768e+00	[59.8768981068286,51.89974960552366,48.81100057668125]	1.4604186775535943e+00	[49.75913863386353,43.849305963146904,54.055878724978214]
11	1.4604186775535943e+00	[49.75913863386353,43.849305963146904,54.055878724978214]	7.9999227109987114e-01	[50.75017514186839,53.709847743901,58.11227747325932]
11	7.9999227109987114e-01	[50.75017514186839,53.709847743901,58.11227747325932]	6.4726315577205551e-01	[53.20330748712403,52.66948691196442,46.362712132124976]
11	6.4726315577205551e-01	[53.20330748712403,52.66948691196442,46.362712132124976]	3.5411929727150754e-01	[54.15498557127483,54.54210246616241,49.25638227915063]
11	3.5411929727150754e-01	[54.15498557127483,54.54210246616241,49.25638227915063]	1.7412460852879506e+00	[60.44884088959616,54.84421533232881,55.36638535597303]
11	1.7412460852879506e+00	[60.44884088959616,54.84421533232881,55.36638535597303]	2.3787175043312209e-01	[55.32896621878746,50.76680307267496,51.89843365681318]
11	2.3787175043312209e-01	[55.32896621878746,50.76680307267496,51.89843365681318]	1.0285134571365824e+00	[49.311583637209175,45.45984370431731,50.199838084315275]
11	1.0285134571365824e+00	[49.311583637209175,45.45984370431731,50.199838084315275]	5.8645243501834726e-02	[53.45234601155641,52.570155747612425,52.958939033427065]
11	5.8645243501834726e-02	[53.45234601155641,52.570155747612425,52.958939033427065]	4.1909076859322614e+00	[45.47416460230715,41.25149090895026,59.679334175475255]
11	4.1909076859322614e+00	[45.47416460230715,41.25149090895026,59.679334175475255]	1.6593838169389721e-01	[54.3082081926067,52.9236074192357,53.6670009650534]
11	1.6593838169389721e-01	[54.3082081926067,52.9236074192357,53.6670009650534]	6.2279478551683387e-01	[48.1094394331821,55.786289451211665,53.75240472042674]
11	6.2279478551683387e-01	[48.1094394331821,55.786289451211665,53.75240472042674]	1.5670505247646391e-01	[54.35005514597609,51.25157447268004,53.534406784895125]
11	1.5670505247646391e-01	[54.35005514597609,51.25157447268004,53.534406784895125]	5.4326856918730637e-01	[55.12089810599271,48.13176669989345,53.92585714202103]
11	5.4326856918730637e-01	[55.12089810599271,48.13176669989345,53.92585714202103]	4.1399529895077480e-01	[53.659568643585935,51.331264493140665,47.710216932815776]
12	5.8523009810749720e+00	[63.67725926522192,64.58023929890975,55.07468214858858]	1.6342324705281444e+00	[52.00577613198469,53.70047166017812,61.07043502014804]
12	1.6342324705281444e+00	[52.00577613198469,53.70047166017812,61.07043502014804]	3.2247769459229585e+00	[40.15254306355199,56.532258221304076,54.50200047069339]
12	3.2247769459229585e+00	[40.15254306355199,56.532258221304076,54.50200047069339]	1.1690971884357371e+01	[43.50690221899183,74.8282615869608,55.60817841502114]
12	1.1690971884357371e+01	[43.50690221899183,74.8282615869608,55.60817841502114]	3.4631192134383117e+00	[56.15485147976597,55.31557861055943,64.32357692452644]
12	3.4631192134383117e+00	[56.15485147976597,55.31557861055943,64.32357692452644]	4.7469975070113781e+00	[46.65605758192999,66.29251714594778,48.33481082056432]
12	4.7469975070113781e+00	[46.65605758192999,66.29251714594778,48.33481082056432]	8.8193580045033002e+00	[63.018977875594715,66.32730856781764,40.56577634773809]
12	8.8193580045033002e+00	[63.018977875594715,66.32730856781764,40.56577634773809]	6.6570903969600204e-01	[53.43712604645813,56.389367254908095,48.33294941103644]
12	6.6570903969600204e-01	[53.43712604645813,56.389367254908095,48.33294941103644]	4.2294204345970288e+00	[40.543350644677936,60.41792107578527,47.87340513228847]
12	4.2294204345970288e+00	[40.543350644677936,60.41792107578527,47.87340513228847]	4.8281498954561028e+00	[65.86057855492092,59.198583177600085,49.379785080135605]
12	4.8281498954561028e+00	[65.86057855492092,59.198583177600085,49.379785080135605]	1.4043880879942845e+01	[37.70544692304799,73.05229124209356,60.97623704363815]
12	1.4043880879942845e+01	[37.70544692304799,73.05229124209356,60.97623704363815]	2.9792970994705987e+00	[51.06537414680296,56.19628490147511,40.34342673321878]
12	2.9792970994705987e+00	[51.06537414680296,56.19628490147511,40.34342673321878]	4.8142155353621510e+00	[45.833810311993766,39.94612073153053,60.12686826232296]
12	4.8142155353621510e+00	[45.833810311993766,39.94612073153053,60.12686826232296]	2.1496720701719845e+00	[43.118485474129024,50.18831484525022,46.61228378532699]
12	2.1496720701719845e+00	[43.118485474129024,50.18831484525022,46.61228378532699]	6.0724404488355352e+00	[37.377014390893564,41.99922588303291,51.439388252216425]
12	6.0724404488355352e+00	[37.377014390893564,41.99922588303291,51.439388252216425]	2.8324062195868231e+00	[50.9415684880453,62.521127201298384,46.064218156688945]
12	2.8324062195868231e+00	[50.9415684880453,62.521127201298384,46.064218156688945]	3.5623407586620588e+00	[49.85981700847463,39.59153389577986,57.09732191604659]
12	3.5623407586620588e+00	[49.85981700847463,39.59153389577986,57.09732191604659]	7.0720063697020876e+00	[35.55422084807063,60.55856137187741,56.77276576621836]
12	7.0720063697020876e+00	[35.55422084807063,60.55856137187741,56.77276576621836]	6.4698340495426720e-01	[56.6699748942128,51.61559791267949,48.56200012544408]
12	6.4698340495426720e-01	[56.6699748942128,51.61559791267949,48.56200012544408]	3.6762949232130038e+00	[40.202673553043844,45.982011158355526,48.16112295091745]
12	3.6762949232130038e+00	[40.202673553043844,45.982011158355526,48.16112295091745]	3.2416042292462341e+00	[56.015660616301936,46.0666011581449,62.818882398276635]
13	9.2578243778457781e-01	[51.23339416693527,45.114479472330665,51.928460894250364]	2.3434322324518964e+00	[45.88775248551472,49.83699805670271,43.102684565885944]
13	2.3434322324518964e+00	[45.88775248551472,49.83699805670271,43.102684565885944]	1.2204758571866925e-01	[53.780672447135345,52.374495395622866,53.83093348468567]
13	1.2204758571866925e-01	[53.780672447135345,52.374495395622866,53.83093348468567]	2.4466351371966932e-01	[52.71041474213647,54.567668529444106,49.58361331564498]
13	2.4466351371966932e-01	[52.71041474213647,54.567668529444106,49.58361331564498]	6.8861169276583223e-01	[46.917650563053556,50.3068480690672,49.358349940427786]
13	6.8861169276583223e-01	[46.917650563053556,50.3068480690672,49.358349940427786]	2.1900419049279335e-01	[50.13314327918748,52.20841264970493,49.18131327649713]
13	2.1900419049279335e-01	[50.13314327918748,52.20841264970493,49.18131327649713]	5.6247571969007870e-01	[53.3803099083841,49.761100174099674,56.74943524589827]
13	5.6247571969007870e-01	[53.3803099083841,49.761100174099674,56.74943524589827]	8.9834087394894790e-02	[52.311398167354106,54.17341355531594,51.643015537898826]
13	8.9834087394894790e-02	[52.311398167354106,54.17341355531594,51.643015537898826]	3.6826994419852660e-01	[53.68163286094072,55.944357945729095,50.976656349346435]
13	3.6826994419852660e-01	[53.68163286094072,55.944357945729095,50.976656349346435]	5.0003511280072255e-01	[52.59380385552231,53.508297997181764,47.15780010197622]
13	5.0003511280072255e-01	[52.59380385552231,53.508297997181764,47.15780010197622]	1.1677356403942563e+00	[54.24959906350869,49.00989754688176,58.84700883586298]
13	1.1677356403942563e+00	[54.24959906350869,49.00989754688176,58.84700883586298]	4.2020228910663326e-01	[51.24245914209553,47.789901911434306,53.90585538586184]
13	4.2020228910663326e-01	[51.24245914209553,47.789901911434306,53.90585538586184]	2.6858551273966508e-01	[50.96396843970659,53.89099309377679,55.0990278583907]
13	2.6858551273966508e-01	[50.96396843970659,53.89099309377679,55.0990278583907]	1.5745824662823688e-01	[54.4813478116588,53.14690964149391,53.02066002451339]
13	1.5745824662823688e-01	[54.4813478116588,53.14690964149391,53.02066002451339]	1.2131241058984656e+00	[47.41720943551989,49.00987779195393,46.27244635092706]
13	1.2131241058984656e+00	[47.41720943551989,49.00987779195393,46.27244635092706]	7.2758396025599206e-02	[50.9576229570944,52.018197386404246,53.71485171426268]
13	7.2758396025599206e-02	[50.9576229570944,52.018197386404246,53.71485171426268]	3.1395565335860193e-01	[55.42773135321114,54.196455750403636,51.74493033535705]
13	3.1395565335860193e-01	[55.42773135321114,54.196455750403636,51.74493033535705]	3.4312597081253182e-01	[50.68381854247484,50.277369253653745,48.37392107084517]
13	3.4312597081253182e-01	[50.68381854247484,50.277369253653745,48.37392107084517]	3.7135473996814622e-01	[49.45686429294539,48.49273945352585,51.26578794987755]
13	3.7135473996814622e-01	[49.45686429294539,48.49273945352585,51.26578794987755]	8.6688615640633837e-01	[47.2286114264598,55.15343732696623,48.491843225825306]
13	8.6688615640633837e-01	[47.2286114264598,55.15343732696623,48.491843225825306]	5.8132549010813606e-01	[55.71843789497551,53.72212185682055,55.71361062725425]
14	5.6185244767367448e-01	[54.15146005811281,50.19692176726042,56.64656619479667]	4.3267943184323743e-01	[52.46950137873255,48.057811309389194,49.40370606591761]
14	4.3267943184323743e-01	[52.46950137873255,48.057811309389194,49.40370606591761]	7.5091122401540644e-01	[52.30421185011581,46.83002872529366,55.50474171446884]
14	7.5091122401540644e-01	[52.30421185011581,46.83002872529366,55.50474171446884]	8.3602408335944800e-01	[52.05226560287812,46.377219856184965,48.5789525792039]
14	8.3602408335944800e-01	[52.05226560287812,46.377219856184965,48.5789525792039]	3.0051211866041788e-01	[52.2340105572528,50.06000095689031,55.46896426667623]
14	3.0051211866041788e-01	[52.2340105572528,50.06000095689031,55.46896426667623]	2.4172885540828207e-01	[54.78374927275851,53.1776534309039,53.94287705568464]
14	2.4172885540828207e-01	[54.78374927275851,53.1776534309039,53.94287705568464]	1.3030552591949976e-02	[52.731282029460836,51.3803110795905,51.98880273272848]
14	1.3030552591949976e-02	[52.731282029460836,51.3803110795905,51.98880273272848]	7.8282378217902981e-01	[56.66732703946726,54.73130857411901,48.58716519250231]
14	7.8282378217902981e-01	[56.66732703946726,54.73130857411901,48.58716519250231]	1.8397797142967073e-01	[49.13945440493308,50.787697242719474,51.88167426901561]
14	1.8397797142967073e-01	[49.13945440493308,50.787697242719474,51.88167426901561]	2.5490025565463104e-01	[55.494896672388656,51.31093733475109,52.92168890034329]
14	2.5490025565463104e-01	[55.494896672388656,51.31093733475109,52.92168890034329]	1.2071004444478257e+00	[48.401826249329886,49.706823490683234,58.67706254430404]
14	1.2071004444478257e+00	[48.401826249329886,49.706823490683234,58.67706254430404]	4.9991291293940032e-01	[54.09144725945969,56.2585826439931,50.06665504471909]
14	4.9991291293940032e-01	[54.09144725945969,56.2585826439931,50.06665504471909]	1.3101769839464078e-01	[53.6722391286963,49.961109341245255,51.75637227204082]
14	1.3101769839464078e-01	[53.6722391286963,49.961109341245255,51.75637227204082]	2.5705361520829040e-01	[51.55358385734642,53.70399800525122,55.250666742252015]
14	2.5705361520829040e-01	[51.55358385734642,53.70399800525122,55.250666742252015]	8.4299953096621527e-01	[50.04500220547411,54.25964289367334,57.92763198794237]
14	8.4299953096621527e-01	[50.04500220547411,54.25964289367334,57.92763198794237]	9.2152078289393397e-02	[53.57510755053745,50.61547902070538,52.80116794060071]
14	9.2152078289393397e-02	[53.57510755053745,50.61547902070538,52.80116794060071]	3.0566250839104820e-02	[52.00029214917249,51.477936883852124,53.25320554560615]
14	3.0566250839104820e-02	[52.00029214917249,51.477936883852124,53.25320554560615]	1.7950869335815120e-01	[49.44073920911227,51.05372656822399,50.59585054650906]
14	1.7950869335815120e-01	[49.44073920911227,51.05372656822399,50.59585054650906]	8.4781973835923626e-03	[52.17995278176943,51.249327725895576,52.27813901525255]
14	8.4781973835923626e-03	[52.17995278176943,51.249327725895576,52.27813901525255]	1.7948872548628486e-01	[54.85200257293786,52.038978813382556,50.797594324882]
14	1.7948872548628486e-01	[54.85200257293786,52.038978813382556,50.797594324882]	4.7062411098342183e-01	[52.95961352647222,51.144082298507925,56.80512507813995]
15	5.2676069964813843e-01	[47.54018076344875,50.4253495464062,49.774914712113436]	1.0872782088950776e+00	[46.57960825090885,48.07201119486493,55.40639912462889]
15	1.0872782088950776e+00	[46.57960825090885,48.07201119486493,55.40639912462889]	5.0640458183553860e-01	[53.70188373185941,56.663324365522236,50.60194377308159]
15	5.0640458183553860e-01	[53.70188373185941,56.663324365522236,50.60194377308159]	3.8337695817694604e+00	[52.57419002499251,60.34279293780524,40.649358814633906]
15	3.8337695817694604e+00	[52.57419002499251,60.34279293780524,40.649358814633906]	2.2900660517352245e+00	[55.78174381447556,58.06044131010232,43.761308032892316]
15	2.2900660517352245e+00	[55.78174381447556,58.06044131010232,43.761308032892316]	5.3568526274741979e+00	[52.827915662536526,67.73026679013526,57.49101135887662]
15	5.3568526274741979e+00	[52.827915662536526,67.73026679013526,57.49101135887662]	4.5997391132423395e+00	[45.44292301683714,64.47133020414421,45.6780181093345]
15	4.5997391132423395e+00	[45.44292301683714,64.47133020414421,45.6780181093345]	1.8635887273459961e+00	[46.17564595804425,44.09520864276275,51.863537921093936]
15	1.8635887273459961e+00	[46.17564595804425,44.09520864276275,51.863537921093936]	1.7819676147369237e+00	[45.67013100492048,57.92940932944874,47.85176467259557]
15	1.7819676147369237e+00	[45.67013100492048,57.92940932944874,47.85176467259557]	5.3042656225207818e-01	[52.14576027202329,51.71164172687689,46.758047638312476]
15	5.3042656225207818e-01	[52.14576027202329,51.71164172687689,46.758047638312476]	5.1000476708053122e-01	[48.36933968224969,54.40139281221673,49.24115384981299]
15	5.1000476708053122e-01	[48.36933968224969,54.40139281221673,49.24115384981299]	7.7577639568887706e+00	[51.248379883319735,71.914144245238,49.681346708660236]
15	7.7577639568887706e+00	[51.248379883319735,71.914144245238,49.681346708660236]	2.9857622247939997e+00	[51.57075827194361,63.78214941656339,56.035553904702425]
15	2.9857622247939997e+00	[51.57075827194361,63.78214941656339,56.035553904702425]	5.8047677404197522e+00	[40.240916979371256,59.28605264822881,41.55056596941702]
15	5.8047677404197522e+00	[40.240916979371256,59.28605264822881,41.55056596941702]	8.5312480750460629e-01	[49.223102663750375,46.18918543512705,53.668224776578526]
15	8.5312480750460629e-01	[49.223102663750375,46.18918543512705,53.668224776578526]	1.2840735400603052e+00	[58.31529343043553,55.949030139757845,48.616090292248515]
15	1.2840735400603052e+00	[58.31529343043553,55.949030139757845,48.616090292248515]	6.9580744915382120e-01	[55.68207613685381,50.86386286732747,56.64929496621558]
15	6.9580744915382120e-01	[55.68207613685381,50.86386286732747,56.64929496621558]	2.8137754410961189e+00	[47.47489916659906,44.52981669977527,60.34402500987243]
15	2.8137754410961189e+00	[47.47489916659906,44.52981669977527,60.34402500987243]	1.8401840550175279e+00	[45.999197007748194,45.28878090879756,55.7800317282392]
15	1.8401840550175279e+00	[45.999197007748194,45.28878090879756,55.7800317282392]	8.7311073312610243e-01	[55.29335371856986,46.1320364128231,52.365857450993744]
15	8.7311073312610243e-01	[55.29335371856986,46.1320364128231,52.365857450993744]	2.1754509473994053e+00	[45.14265444684864,44.62648358907837,48.66874262395068]
16	7.4903624231571186e-01	[49.15307231120459,46.72208840310031,53.70856510215957]	3.2150535372960441e-02	[52.28706503614205,52.22699824202972,50.67614999888615]
16	3.2150535372960441e-02	[52.28706503614205,52.22699824202972,50.67614999888615]	4.7988730638396165e-01	[50.24781361973517,56.22494957662695,49.953099136179894]
16	4.7988730638396165e-01	[50.24781361973517,56.22494957662695,49.953099136179894]	1.8907766682395191e-01	[52.25832719646879,55.02090215892889,51.05057359510499]
16	1.8907766682395191e-01	[52.25832719646879,55.02090215892889,51.05057359510499]	1.2354146772215242e-01	[51.68758958301971,49.57843575197033,52.7941351390839]
16	1.2354146772215242e-01	[51.68758958301971,49.57843575197033,52.7941351390839]	2.9282622863386443e-01	[53.89232647029005,50.56820722764329,48.883549209787645]
16	2.9282622863386443e-01	[53.89232647029005,50.56820722764329,48.883549209787645]	2.2384391196909780e-02	[52.59547151231276,51.286425080950735,51.28154160712193]
16	2.2384391196909780e-02	[52.59547151231276,51.286425080950735,51.28154160712193]	1.5646653186957210e-01	[53.121400174453086,51.868046039663014,49.348632191623295]
16	1.5646653186957210e-01	[53.121400174453086,51.868046039663014,49.348632191623295]	3.2225870260918588e-01	[54.601776142729804,48.99834768186656,53.08273416626156]
16	3.2225870260918588e-01	[54.601776142729804,48.99834768186656,53.08273416626156]	2.6808696204414578e-01	[54.10173117567982,55.1368580137611,51.96188625650477]
16	2.6808696204414578e-01	[54.10173117567982,55.1368580137611,51.96188625650477]	9.7319862063999674e-02	[50.03547779398975,51.17162785885684,51.19572027803668]
16	9.7319862063999674e-02	[50.03547779398975,51.17162785885684,51.19572027803668]	1.3474000430397975e-01	[51.885155724029545,51.713865525815436,49.34495383998038]
16	1.3474000430397975e-01	[51.885155724029545,51.713865525815436,49.34495383998038]	8.5031684320946821e-02	[52.38250024078542,54.09681340133114,52.41922857302855]
16	8.5031684320946821e-02	[52.38250024078542,54.09681340133114,52.41922857302855]	8.7007483720686382e-02	[53.691478277433994,50.625344062670806,51.93698479028389]
16	8.7007483720686382e-02	[53.691478277433994,50.625344062670806,51.93698479028389]	1.1409755388574656e-01	[54.069699387985104,51.97106968305414,50.62744673391537]
16	1.1409755388574656e-01	[54.069699387985104,51.97106968305414,50.62744673391537]	3.2508576802906158e-01	[53.61874469120895,49.84521175846615,55.143676637352435]
16	3.2508576802906158e-01	[53.61874469120895,49.84521175846615,55.143676637352435]	1.6067252824991013e-01	[53.97680809266301,49.85486411438296,51.78718066886267]
16	1.6067252824991013e-01	[53.97680809266301,49.85486411438296,51.78718066886267]	9.6258823213023662e-02	[51.531332611109654,50.13785133610647,53.22994645077326]
16	9.6258823213023662e-02	[51.531332611109654,50.13785133610647,53.22994645077326]	1.2605545748243493e-01	[52.63523102554131,51.86817601506941,54.535018483847104]
16	1.2605545748243493e-01	[52.63523102554131,51.86817601506941,54.535018483847104]	4.4862719008563930e-02	[52.582098296622675,50.80601563174887,51.126144185221285]
16	4.4862719008563930e-02	[52.582098296622675,50.80601563174887,51.126144185221285]	2.9813993505700598e-01	[53.49162453000181,55.65183671515427,51.50932542642174]
17	5.6337099432908144e-01	[50.87486059315343,57.15000647531543,53.33027485469468]	7.2328398832345320e-02	[51.43726908075195,53.56824282266334,50.90018239230255]
17	7.2328398832345320e-02	[51.43726908075195,53.56824282266334,50.90018239230255]	4.0512930924332929e-01	[52.42162298189473,47.64760745380829,50.59563558120535]
17	4.0512930924332929e-01	[52.42162298189473,47.64760745380829,50.59563558120535]	1.3983972815162954e-01	[49.598663631997944,53.23091817410789,52.43006616469384]
17	1.3983972815162954e-01	[49.598663631997944,53.23091817410789,52.43006616469384]	1.4674882543623705e-01	[51.666751810042534,53.93140772208463,50.00210879780689]
17	1.4674882543623705e-01	[51.666751810042534,53.93140772208463,50.00210879780689]	9.0445945609127631e-01	[49.61438700067041,55.69643185098561,46.74275954600871]
17	9.0445945609127631e-01	[49.61438700067041,55.69643185098561,46.74275954600871]	7.1000056902089173e-02	[50.643142183564784,50.62021598956288,52.33796893694034]
17	7.1000056902089173e-02	[50.643142183564784,50.62021598956288,52.33796893694034]	1.2524738469151642e-01	[52.71502137671302,51.475559275453286,54.451351890494536]
17	1.2524738469151642e-01	[52.71502137671302,51.475559275453286,54.451351890494536]	2.0985986521191211e-01	[48.7960516690861,51.34320208666621,51.447865715838034]
17	2.0985986521191211e-01	[48.7960516690861,51.34320208666621,51.447865715838034]	4.0119049050144617e-01	[50.39279052918511,56.17894500720834,50.992279620056046]
17	4.0119049050144617e-01	[50.39279052918511,56.17894500720834,50.992279620056046]	2.3645276025573969e-01	[49.75930154250136,54.727025792879225,51.80141464854689]
17	2.3645276025573969e-01	[49.75930154250136,54.727025792879225,51.80141464854689]	1.3805432690040242e-01	[51.04966030493483,54.54349482616452,52.257842630729066]
17	1.3805432690040242e-01	[51.04966030493483,54.54349482616452,52.257842630729066]	4.2273124950341845e-01	[50.824754582760505,55.750484034352425,49.41326593701053]
17	4.2273124950341845e-01	[50.824754582760505,55.750484034352425,49.41326593701053]	3.2957069278449291e-01	[52.53835738244606,56.086997238763836,51.35236579080483]
17	3.2957069278449291e-01	[52.53835738244606,56.086997238763836,51.35236579080483]	1.3474717457458787e-01	[54.154707134228836,50.85285940308249,53.147435872658896]
17	1.3474717457458787e-01	[54.154707134228836,50.85285940308249,53.147435872658896]	2.3483500973910373e-01	[53.59914867840728,51.68386582016226,48.88508490995779]
17	2.3483500973910373e-01	[53.59914867840728,51.68386582016226,48.88508490995779]	2.2851518952023200e-01	[49.98609703759915,51.08035360203119,49.34728429429138]
17	2.2851518952023200e-01	[49.98609703759915,51.08035360203119,49.34728429429138]	3.7256533438679601e-01	[55.94637900560625,50.403434154866055,53.2275815474446]
17	3.7256533438679601e-01	[55.94637900560625,50.403434154866055,53.2275815474446]	3.8774229989709730e-01	[51.894280517400375,54.08678812391829,48.011239009118]
17	3.8774229989709730e-01	[51.894280517400375,54.08678812391829,48.011239009118]	1.5706906758285638e-01	[49.28992775159688,52.72908475534885,52.68485323171113]
17	1.5706906758285638e-01	[49.28992775159688,52.72908475534885,52.68485323171113]	2.8393145355700030e-02	[51.77610174234483,50.733473462163666,52.15661486577297]
18	4.4322618445416895e+00	[64.97677244402217,49.37074858561361,59.413991887540384]	3.7262586434961720e-01	[55.27188833549131,54.24118141045874,50.024179129467505]
18	3.7262586434961720e-01	[55.27188833549131,54.24118141045874,50.024179129467505]	1.9775247673944807e+00	[51.726860065231236,61.84524587817199,54.44427919792129]
18	1.9775247673944807e+00	[51.726860065231236,61.84524587817199,54.44427919792129]	6.1325476572754161e+00	[61.32502127972982,38.01413688341193,57.947946086745844]
18	6.1325476572754161e+00	[61.32502127972982,38.01413688341193,57.947946086745844]	4.4120438878893857e+00	[64.03825377463039,61.06624097148611,50.530223523389125]
18	4.4120438878893857e+00	[64.03825377463039,61.06624097148611,50.530223523389125]	2.8974155563945700e+00	[47.18594606643485,61.92782316897049,46.65356562729922]
18	2.8974155563945700e+00	[47.18594606643485,61.92782316897049,46.65356562729922]	1.2716545336640900e-01	[51.10166979154218,54.388618658671774,52.60715144470027]
18	1.2716545336640900e-01	[51.10166979154218,54.388618658671774,52.60715144470027]	1.1413694289361325e+00	[50.97851554517182,57.816222784923454,47.05142464065576]
18	1.1413694289361325e+00	[50.97851554517182,57.816222784923454,47.05142464065576]	1.5911946664050081e+00	[60.968846249740785,52.474824034442754,50.51714931215332]
18	1.5911946664050081e+00	[60.968846249740785,52.474824034442754,50.51714931215332]	2.3580280373205840e+00	[48.32089244473388,47.62585689172155,61.47382993143023]
18	2.3580280373205840e+00	[48.32089244473388,47.62585689172155,61.47382993143023]	1.6049314669592805e+00	[60.84521991962397,54.183926397408975,52.816071250540475]
18	1.6049314669592805e+00	[60.84521991962397,54.183926397408975,52.816071250540475]	3.5031696388184924e-01	[51.05968609026053,50.814325193985155,48.00695652526618]
18	3.5031696388184924e-01	[51.05968609026053,50.814325193985155,48.00695652526618]	9.7536440880078856e-01	[59.0215883533072,50.732532318199766,51.995373841084714]
18	9.7536440880078856e-01	[59.0215883533072,50.732532318199766,51.995373841084714]	5.9848934536166173e-02	[50.88307704723652,53.25589999822262,51.29113072296213]
18	5.9848934536166173e-02	[50.88307704723652,53.25589999822262,51.29113072296213]	1.6784747071906643e+00	[53.365492607707424,61.235424209188,52.55501566874424]
18	1.6784747071906643e+00	[53.365492607707424,61.235424209188,52.55501566874424]	2.6004447182689017e+00	[45.995359989888996,61.6772744335755,54.321385194485885]
18	2.6004447182689017e+00	[45.995359989888996,61.6772744335755,54.321385194485885]	6.5945721747145507e+00	[35.69180710435279,53.3781150328117,60.592076198292226]
18	6.5945721747145507e+00	[35.69180710435279,53.3781150328117,60.592076198292226]	7.2353666998908439e-01	[51.846855214684794,53.55694663680445,57.954608097039234]
18	7.2353666998908439e-01	[51.846855214684794,53.55694663680445,57.954608097039234]	5.6112429884055919e+00	[46.302912221449276,66.76795190033756,58.38285241957012]
18	5.6112429884055919e+00	[46.302912221449276,66.76795190033756,58.38285241957012]	1.1027533884216116e+00	[52.32145540771736,54.24504136934049,44.781710750083576]
18	1.1027533884216116e+00	[52.32145540771736,54.24504136934049,44.781710750083576]	1.7049921447418079e+00	[59.078407734869295,45.83120400454296,52.664246160312004]
19	9.9692980254931673e-01	[51.93355409889048,59.21097237934236,51.76991243650972]	3.0865909503550831e-01	[52.896212078911844,48.91282807253426,54.42941301960226]
19	3.0865909503550831e-01	[52.896212078911844,48.91282807253426,54.42941301960226]	1.2526224918120783e+00	[44.016390758989594,51.70804730000964,53.05967911750174]
19	1.2526224918120783e+00	[44.016390758989594,51.70804730000964,53.05967911750174]	9.9042681865848292e-01	[45.94830934319332,55.21025588030904,54.14456662371121]
19	9.9042681865848292e-01	[45.94830934319332,55.21025588030904,54.14456662371121]	1.9710279784022351e+00	[58.92795356490486,47.64734187895699,46.05746523082716]
19	1.9710279784022351e+00	[58.92795356490486,47.64734187895699,46.05746523082716]	1.1444790885449494e+00	[48.43784927167732,55.3152652662313,46.02593947525252]
19	1.1444790885449494e+00	[48.43784927167732,55.3152652662313,46.02593947525252]	1.7764374325703656e+00	[43.8651790987037,48.00686915960706,55.148823441675965]
19	1.7764374325703656e+00	[43.8651790987037,48.00686915960706,55.148823441675965]	5.6508749686632009e-01	[51.056363885655664,56.66269132648649,54.65356586643914]
19	5.6508749686632009e-01	[51.056363885655664,56.66269132648649,54.65356586643914]	2.1866496816176797e+00	[45.651011799091684,55.689984330345204,59.72727844076614]
19	2.1866496816176797e+00	[45.651011799091684,55.689984330345204,59.72727844076614]	8.7563411558632764e-01	[47.873321625556414,56.49042460899053,54.913389538555535]
19	8.7563411558632764e-01	[47.873321625556414,56.49042460899053,54.913389538555535]	1.4690906483362143e-01	[54.67853004693689,52.39182432992022,52.78734414582313]
19	1.4690906483362143e-01	[54.67853004693689,52.39182432992022,52.78734414582313]	9.1451065297914258e-01	[47.04822135880294,48.17913587710302,54.88899976955956]
19	9.1451065297914258e-01	[47.04822135880294,48.17913587710302,54.88899976955956]	1.3115774377578289e+00	[45.075840532309776,56.47463931589414,51.62104843810674]
19	1.3115774377578289e+00	[45.075840532309776,56.47463931589414,51.62104843810674]	1.2482244626224606e+00	[57.22216581171758,48.50553971150836,46.96670210885983]
19	1.2482244626224606e+00	[57.22216581171758,48.50553971150836,46.96670210885983]	2.0017283328289059e-01	[53.54271132705865,50.99668301218473,54.70277328037016]
19	2.0017283328289059e-01	[53.54271132705865,50.99668301218473,54.70277328037016]	4.4709335723868404e-01	[56.032123606166756,54.28037444362627,53.46201364677922]
19	4.4709335723868404e-01	[56.032123606166756,54.28037444362627,53.46201364677922]	2.5392251355674316e+00	[44.8218992834756,60.960258437319375,52.0915640330089]
19	2.5392251355674316e+00	[44.8218992834756,60.960258437319375,52.0915640330089]	2.0098092664682650e+00	[50.7549885643955,54.71452678344535,42.241787852318666]
19	2.0098092664682650e+00	[50.7549885643955,54.71452678344535,42.241787852318666]	3.2016661387210190e+00	[44.09779384051189,61.732233233163676,55.00784350795134]
19	3.2016661387210190e+00	[44.09779384051189,61.732233233163676,55.00784350795134]	1.8957297554158781e+00	[43.24645234806286,56.62983130225384,52.53857591540789]
19	1.8957297554158781e+00	[43.24645234806286,56.62983130225384,52.53857591540789]	2.1705479366500193e+00	[41.77992813611148,49.684543856306576,53.60945357268497]
20	7.4134933641691700e-02	[50.618287722207356,53.31150508702138,52.683958785134735]	1.9334217113663028e-02	[51.88441992743107,51.3220192030985,52.87865899665875]
20	1.9334217113663028e-02	[51.88441992743107,51.3220192030985,52.87865899665875]	6.4561329280887994e-02	[52.35226070788022,53.315017463142475,50.68051556912824]
20	6.4561329280887994e-02	[52.35226070788022,53.315017463142475,50.68051556912824]	9.8459531644468259e-02	[52.614822961851985,52.59848506052631,49.85939964164588]
20	9.8459531644468259e-02	[52.614822961851985,52.59848506052631,49.85939964164588]	2.2280116975699096e-01	[55.0836494037318,53.34888464774736,51.260642248734314]
20	2.2280116975699096e-01	[55.0836494037318,53.34888464774736,51.260642248734314]	2.6598574180595796e-01	[49.77844660125519,54.8699917504667,51.083185726105725]
20	2.6598574180595796e-01	[49.77844660125519,54.8699917504667,51.083185726105725]	2.7514457556661509e-01	[48.24201871124466,51.79355309517172,52.49170593353156]
20	2.7514457556661509e-01	[48.24201871124466,51.79355309517172,52.49170593353156]	4.9897482773397304e-02	[51.45890692709658,53.58621157289079,52.221332317277884]
20	4.9897482773397304e-02	[51.45890692709658,53.58621157289079,52.221332317277884]	1.8608784674945988e-02	[51.274782423244304,51.22080748553332,51.82619795475022]
20	1.8608784674945988e-02	[51.274782423244304,51.22080748553332,51.82619795475022]	1.6926125688982527e-01	[53.071041288043645,53.46991984856617,49.61145583427879]
20	1.6926125688982527e-01	[53.071041288043645,53.46991984856617,49.61145583427879]	1.2300502396409166e-01	[49.879102351120096,52.29198888607651,53.42104430826646]
20	1.2300502396409166e-01	[49.879102351120096,52.29198888607651,53.42104430826646]	6.0272978132832800e-01	[48.73958665669295,55.246681920349836,55.22053307728584]
20	6.0272978132832800e-01	[48.73958665669295,55.246681920349836,55.22053307728584]	6.4217410277609388e-01	[46.75334917405301,52.26582319356833,54.417365883746754]
20	6.4217410277609388e-01	[46.75334917405301,52.26582319356833,54.417365883746754]	3.8451403949251883e-01	[49.22442872579672,55.0931939210481,50.31087241857764]
20	3.8451403949251883e-01	[49.22442872579672,55.0931939210481,50.31087241857764]	4.9121824202237818e-01	[54.423942776205116,55.99458313558353,50.00872153208543]
20	4.9121824202237818e-01	[54.423942776205116,55.99458313558353,50.00872153208543]	4.3688925734032225e-01	[53.28786280536258,56.035791811493326,49.763182546724565]
20	4.3688925734032225e-01	[53.28786280536258,56.035791811493326,49.763182546724565]	1.5452709259739647e-01	[51.77410957712721,54.76312019659684,52.80232610775308]
20	1.5452709259739647e-01	[51.77410957712721,54.76312019659684,52.80232610775308]	3.1531891656597470e-02	[52.51524079615041,51.611697734152884,53.221600753289934]
20	3.1531891656597470e-02	[52.51524079615041,51.611697734152884,53.221600753289934]	1.0993824209160238e-01	[51.11526287135408,53.907299288632466,53.254074818076774]
20	1.0993824209160238e-01	[51.11526287135408,53.907299288632466,53.254074818076774]	2.9487984558233804e-01	[52.53263134878976,55.27961590843994,49.8742469092714]
20	2.9487984558233804e-01	[52.53263134878976,55.27961590843994,49.8742469092714]	5.1586301693169967e-01	[54.330517374096736,56.49564674795608,53.23404889733643]
21	4.8996645197757011e-01	[50.29695837074225,55.54691571099354,48.82082455913862]	3.8482191982959207e-01	[54.63091654941128,54.25538394455748,54.89163814873599]
21	3.8482191982959207e-01	[54.63091654941128,54.25538394455748,54.89163814873599]	1.4886021935903402e+00	[56.994306933694915,46.00439604256098,47.95846954710069]
21	1.4886021935903402e+00	[56.994306933694915,46.00439604256098,47.95846954710069]	4.8705393394293850e-01	[52.52801180824159,49.93590711721577,47.4416340727699]
21	4.8705393394293850e-01	[52.52801180824159,49.93590711721577,47.4416340727699]	4.0623018357777957e-01	[51.025838918689495,56.22292447124824,50.405185845946676]
21	4.0623018357777957e-01	[51.025838918689495,56.22292447124824,50.405185845946676]	7.7821895855292800e-01	[55.19509452635158,46.80157402410664,50.20402474334538]
21	7.7821895855292800e-01	[55.19509452635158,46.80157402410664,50.20402474334538]	1.0524928311913848e+00	[50.12347638844549,44.99997457659936,50.59255381557983]
21	1.0524928311913848e+00	[50.12347638844549,44.99997457659936,50.59255381557983]	2.3973487932257084e-01	[55.26347853436675,53.352882545817145,51.4694777608278]
21	2.3973487932257084e-01	[55.26347853436675,53.352882545817145,51.4694777608278]	1.0754403446308601e-01	[49.7592066752643,51.453504465028146,51.36240314646781]
21	1.0754403446308601e-01	[49.7592066752643,51.453504465028146,51.36240314646781]	2.8404842633095673e-01	[52.739924192861494,52.9386806555086,48.32896114887528]
21	2.8404842633095673e-01	[52.739924192861494,52.9386806555086,48.32896114887528]	1.0925557971791342e+00	[51.98609059280274,59.1478699286846,54.44611008281791]
21	1.0925557971791342e+00	[51.98609059280274,59.1478699286846,54.44611008281791]	8.3678235327295936e-01	[48.63295608705951,53.33882658912819,57.5267367816538]
21	8.3678235327295936e-01	[48.63295608705951,53.33882658912819,57.5267367816538]	4.6504007606425612e-01	[49.24584232626758,55.46060073856357,49.824581699490274]
21	4.6504007606425612e-01	[49.24584232626758,55.46060073856357,49.824581699490274]	2.0901094841080634e-01	[55.337789458879016,52.08338682313547,52.091593179346894]
21	2.0901094841080634e-01	[55.337789458879016,52.08338682313547,52.091593179346894]	1.5582522859140919e+00	[48.71825895159304,56.89803761149663,58.81243188884987]
21	1.5582522859140919e+00	[48.71825895159304,56.89803761149663,58.81243188884987]	1.0908548302106695e+00	[48.46910311944695,50.77566610799691,58.5441648446708]
21	1.0908548302106695e+00	[48.46910311944695,50.77566610799691,58.5441648446708]	4.5266085746945217e-01	[50.19707191797305,51.849646751673355,47.49952665393756]
21	4.5266085746945217e-01	[50.19707191797305,51.849646751673355,47.49952665393756]	1.4648204555005264e+00	[50.99911554153874,43.61279560068358,49.882569724928175]
21	1.4648204555005264e+00	[50.99911554153874,43.61279560068358,49.882569724928175]	9.0628975187391145e-02	[50.483267590256105,52.62490146863183,53.503439195234186]
21	9.0628975187391145e-02	[50.483267590256105,52.62490146863183,53.503439195234186]	5.2638768561736882e-01	[56.66952172572815,54.42522496990215,52.016326819664286]
21	5.2638768561736882e-01	[56.66952172572815,54.42522496990215,52.016326819664286]	8.2322760220695357e-01	[54.294499847295256,50.22584844043175,46.140112385064434]
22	5.3224148823302002e+00	[37.65681954397923,57.050299161717824,58.68159275940161]	1.3821150212467246e+00	[58.135156371576,57.873291356669235,52.023778270481]
22	1.3821150212467246e+00	[58.135156371576,57.873291356669235,52.023778270481]	2.0561426146223538e+00	[61.607723908744546,55.75398081002356,52.83927464770554]
22	2.0561426146223538e+00	[61.607723908744546,55.75398081002356,52.83927464770554]	3.6103526403170614e+00	[50.98341304369613,54.52285952355493,38.59997651364706]
22	3.6103526403170614e+00	[50.98341304369613,54.52285952355493,38.59997651364706]	1.2246689890658145e+00	[47.58605886671483,55.71540578433697,46.50121852188407]
22	1.2246689890658145e+00	[47.58605886671483,55.71540578433697,46.50121852188407]	3.0418471766828983e+00	[63.04195887976118,52.8158491164027,46.053052624747416]
22	3.0418471766828983e+00	[63.04195887976118,52.8158491164027,46.053052624747416]	4.7887956064856346e-01	[51.456105554306625,52.513025369040136,47.06403109431439]
22	4.7887956064856346e-01	[51.456105554306625,52.513025369040136,47.06403109431439]	5.8944239817420274e-01	[54.243239529179554,46.98896621525622,52.76261472889488]
22	5.8944239817420274e-01	[54.243239529179554,46.98896621525622,52.76261472889488]	1.2493899173489704e+00	[48.593655204048304,50.215768517199095,44.938425161671546]
22	1.2493899173489704e+00	[48.593655204048304,50.215768517199095,44.938425161671546]	6.3626992974395513e+00	[52.70148707022811,64.75505125604924,39.090379768163]
22	6.3626992974395513e+00	[52.70148707022811,64.75505125604924,39.090379768163]	4.8341076262705220e+00	[41.070759314904684,63.203286313654736,49.62666611936662]
22	4.8341076262705220e+00	[41.070759314904684,63.203286313654736,49.62666611936662]	4.0778196031995844e+00	[44.040400405138925,59.36249543566541,42.32257198818489]
22	4.0778196031995844e+00	[44.040400405138925,59.36249543566541,42.32257198818489]	9.6822286117913181e-01	[50.04786619406695,49.66654117470565,58.418158871344275]
22	9.6822286117913181e-01	[50.04786619406695,49.66654117470565,58.418158871344275]	2.9834973983857878e+00	[40.459600662679634,53.03474360546682,47.51015911578964]
22	2.9834973983857878e+00	[40.459600662679634,53.03474360546682,47.51015911578964]	1.4862920865722862e+00	[60.66381095587428,53.23590351820948,52.95605959927199]
22	1.4862920865722862e+00	[60.66381095587428,53.23590351820948,52.95605959927199]	1.2286888031011192e+00	[45.76217542144859,50.169640184692334,56.64119572765514]
22	1.2286888031011192e+00	[45.76217542144859,50.169640184692334,56.64119572765514]	1.6331511935194079e+00	[54.9785410591489,46.51267071889786,58.779592736078094]
22	1.6331511935194079e+00	[54.9785410591489,46.51267071889786,58.779592736078094]	4.5641441805710170e-01	[54.805175318665576,56.02238174963303,51.93314483630532]
22	4.5641441805710170e-01	[54.805175318665576,56.02238174963303,51.93314483630532]	7.1219765657577327e-01	[53.9847601386049,47.87563753058038,47.99631242310537]
22	7.1219765657577327e-01	[53.9847601386049,47.87563753058038,47.99631242310537]	9.2093722918568224e-02	[51.92127896685574,54.24845821549488,51.94450225475191]
22	9.2093722918568224e-02	[51.92127896685574,54.24845821549488,51.94450225475191]	3.0950417502818492e+00	[51.85095390067989,50.17293450186189,64.54864797906447]
23	3.3031334787141473e+00	[47.41521663828293,41.4920088602558,58.299571099448]	3.6070017406181272e+00	[52.41868761027188,41.99066707745234,42.71300660812981]
23	3.6070017406181272e+00	[52.41868761027188,41.99066707745234,42.71300660812981]	5.9925037548046038e+00	[56.302577743911755,37.434625155447634,60.9418410505554]
23	5.9925037548046038e+00	[56.302577743911755,37.434625155447634,60.9418410505554]	2.5432273368786711e+00	[52.05608241262138,43.026200762281114,59.169663223725905]
23	2.5432273368786711e+00	[52.05608241262138,43.026200762281114,59.169663223725905]	5.8565068522152837e+00	[43.42820935282042,50.348461078964306,67.08396421308625]
23	5.8565068522152837e+00	[43.42820935282042,50.348461078964306,67.08396421308625]	6.9851524556318454e+00	[44.34359804612007,49.324772084211084,69.21819427271068]
23	6.9851524556318454e+00	[44.34359804612007,49.324772084211084,69.21819427271068]	5.5327073880309205e+00	[42.28772254188189,65.83594897527976,50.92797017167489]
23	5.5327073880309205e+00	[42.28772254188189,65.83594897527976,50.92797017167489]	4.6853600551239669e+00	[49.48876452960271,52.12341521751939,67.3930686532508]
23	4.6853600551239669e+00	[49.48876452960271,52.12341521751939,67.3930686532508]	2.6073430652112859e+00	[60.23434736384957,55.97176635216431,44.79949112518672]
23	2.6073430652112859e+00	[60.23434736384957,55.97176635216431,44.79949112518672]	3.0695875493132005e+00	[53.036245151539134,45.2483116608763,62.616458274277505]
23	3.0695875493132005e+00	[53.036245151539134,45.2483116608763,62.616458274277505]	1.8075198110649167e+00	[55.01829368593537,58.2139241298005,45.202305056926264]
23	1.8075198110649167e+00	[55.01829368593537,58.2139241298005,45.202305056926264]	5.7447329277906682e+00	[42.11772436939017,65.77500093052991,55.25369776163321]
23	5.7447329277906682e+00	[42.11772436939017,65.77500093052991,55.25369776163321]	1.3825754688943650e+00	[51.50672952686061,60.43958353869444,51.24573218130917]
23	1.3825754688943650e+00	[51.50672952686061,60.43958353869444,51.24573218130917]	1.3005202352492534e+01	[57.57085306331333,74.86770482622347,41.02822712954447]
23	1.3005202352492534e+01	[57.57085306331333,74.86770482622347,41.02822712954447]	3.6746289015780342e+00	[56.35597509603171,64.09020391311542,57.09694499874766]
23	3.6746289015780342e+00	[56.35597509603171,64.09020391311542,57.09694499874766]	2.5058642805572697e+00	[51.47620081730867,48.41820994670144,41.2033509202906]
23	2.5058642805572697e+00	[51.47620081730867,48.41820994670144,41.2033509202906]	3.2452569679080838e+00	[46.09429263118294,49.567980955424694,63.29721968104385]
23	3.2452569679080838e+00	[46.09429263118294,49.567980955424694,63.29721968104385]	1.6947199815475813e+00	[49.152994818680135,59.41035699188254,57.024843744108814]
23	1.6947199815475813e+00	[49.152994818680135,59.41035699188254,57.024843744108814]	3.4067293278659805e+00	[46.661891837552936,56.78881365901274,63.20483156043285]
23	3.4067293278659805e+00	[46.661891837552936,56.78881365901274,63.20483156043285]	8.6466882738541369e+00	[59.94298300043834,71.47268048730007,54.571667450065014]
23	8.6466882738541369e+00	[59.94298300043834,71.47268048730007,54.571667450065014]	9.9068784649230146e-01	[55.91803072387922,50.11912446032803,46.29226799875894]
24	1.1127412275886399e+00	[50.89244687410246,59.32923288807395,53.771210609284836]	4.9413919834018696e+00	[61.7624355669577,52.280400434238196,64.70397079067732]
24	4.9413919834018696e+00	[61.7624355669577,52.280400434238196,64.70397079067732]	6.1410263140004160e+00	[35.84687095220677,45.14461001341441,48.87422744012318]
24	6.1410263140004160e+00	[35.84687095220677,45.14461001341441,48.87422744012318]	5.7511299465020356e+00	[68.27574224649463,46.2986495445696,51.00812954025232]
24	5.7511299465020356e+00	[68.27574224649463,46.2986495445696,51.00812954025232]	5.3754727541210903e+00	[45.46190044564866,55.400463850755,37.0358331343885]
24	5.3754727541210903e+00	[45.46190044564866,55.400463850755,37.0358331343885]	1.0491354626310228e+01	[73.59757968215298,54.88503717618248,60.35078064934915]
24	1.0491354626310228e+01	[73.59757968215298,54.88503717618248,60.35078064934915]	4.7967651600790440e+00	[36.5077154670672,49.15660522452942,51.61532724099996]
24	4.7967651600790440e+00	[36.5077154670672,49.15660522452942,51.61532724099996]	8.6976801703830553e+00	[40.90258576997282,69.28393114273733,46.62292200968601]
24	8.6976801703830553e+00	[40.90258576997282,69.28393114273733,46.62292200968601]	2.9874853541071738e+00	[47.507947364795186,43.58619022363271,44.03139372861134]
24	2.9874853541071738e+00	[47.507947364795186,43.58619022363271,44.03139372861134]	1.2845522794420603e+01	[29.234928354160655,44.010241675497284,42.914088921956356]
24	1.2845522794420603e+01	[29.234928354160655,44.010241675497284,42.914088921956356]	4.0645335685457473e+00	[58.707713794049646,41.981501855385126,60.09565661296038]
24	4.0645335685457473e+00	[58.707713794049646,41.981501855385126,60.09565661296038]	8.5708851751240829e+00	[63.56091337945605,66.5375836575434,42.01904374206475]
24	8.5708851751240829e+00	[63.56091337945605,66.5375836575434,42.01904374206475]	2.1222107567791955e+01	[75.85570572185657,29.78331322720779,58.087712837162876]
24	2.1222107567791955e+01	[75.85570572185657,29.78331322720779,58.087712837162876]	3.0114855228263298e+00	[45.1347783711374,59.92695926179927,58.816544413934615]
24	3.0114855228263298e+00	[45.1347783711374,59.92695926179927,58.816544413934615]	1.1603610341215078e+00	[58.27746893414015,49.05811856233492,55.52968400633298]
24	1.1603610341215078e+00	[58.27746893414015,49.05811856233492,55.52968400633298]	4.5859719715635796e+00	[59.98227579402505,45.964920860155445,40.277799531610576]
24	4.5859719715635796e+00	[59.98227579402505,45.964920860155445,40.277799531610576]	3.0530924266309971e+00	[52.836835855847085,62.458740627850105,58.983091376480914]
24	3.0530924266309971e+00	[52.836835855847085,62.458740627850105,58.983091376480914]	5.6123368995036227e+00	[46.38986974933343,37.97448009621594,44.120848621657785]
24	5.6123368995036227e+00	[46.38986974933343,37.97448009621594,44.120848621657785]	4.2149530513643114e+00	[52.67431701973085,54.95853184971604,66.48522110511696]
24	4.2149530513643114e+00	[52.67431701973085,54.95853184971604,66.48522110511696]	4.2647992822631862e+00	[37.96432043922624,55.46084898481307,55.46427604550026]
24	4.2647992822631862e+00	[37.96432043922624,55.46084898481307,55.46427604550026]	2.4137256739362773e+00	[57.72571073215506,60.97167000991107,48.4960246873264]
25	4.4919742700907674e+00	[41.87533731117203,61.93055643343359,46.37379383269794]	6.0873332479700855e+00	[38.604281417757825,40.376638472094804,52.63655893883122]
25	6.0873332479700855e+00	[38.604281417757825,40.376638472094804,52.63655893883122]	3.9250573847597114e+00	[40.99508926001966,60.09415679951188,47.90614591945396]
25	3.9250573847597114e+00	[40.99508926001966,60.09415679951188,47.90614591945396]	1.1235103883416199e+01	[28.05294467486822,49.1623990017223,52.19433203580809]
25	1.1235103883416199e+01	[28.05294467486822,49.1623990017223,52.19433203580809]	2.1769763483459663e+01	[44.004436014369055,68.62269408630159,23.943254208509003]
25	2.1769763483459663e+01	[44.004436014369055,68.62269408630159,23.943254208509003]	2.4927575907801209e+00	[54.41355864633105,58.28162753456821,61.1940202708377]
25	2.4927575907801209e+00	[54.41355864633105,58.28162753456821,61.1940202708377]	1.5882228956032829e+01	[68.31640831249298,73.18038674855019,62.45493201323493]
25	1.5882228956032829e+01	[68.31640831249298,73.18038674855019,62.45493201323493]	6.0269370390118935e+00	[53.69202478426596,56.96350434384975,68.89753096293867]
25	6.0269370390118935e+00	[53.69202478426596,56.96350434384975,68.89753096293867]	5.7228388954539490e+01	[79.97917147893823,69.24831366460265,8.590691648061144]
25	5.7228388954539490e+01	[79.97917147893823,69.24831366460265,8.590691648061144]	1.8012994343366582e+01	[53.245831964483,56.14191811804041,21.767884848190057]
25	1.8012994343366582e+01	[53.245831964483,56.14191811804041,21.767884848190057]	2.0913682968948603e+01	[84.43553988023704,49.24480167089916,56.97788883910118]
25	2.0913682968948603e+01	[84.43553988023704,49.24480167089916,56.97788883910118]	2.5091594307178561e+01	[83.41468363051204,65.72638897862608,63.22932725671416]
25	2.5091594307178561e+01	[83.41468363051204,65.72638897862608,63.22932725671416]	1.5491833643530411e+01	[62.11143448309393,78.34989521228887,54.67171566048283]
25	1.5491833643530411e+01	[62.11143448309393,78.34989521228887,54.67171566048283]	3.4545800499841257e+00	[52.48907888420826,62.62808701121484,60.15325208641523]
25	3.4545800499841257e+00	[52.48907888420826,62.62808701121484,60.15325208641523]	1.4687869443706525e+01	[71.20241654432692,71.8025638938084,50.929216846325]
25	1.4687869443706525e+01	[71.20241654432692,71.8025638938084,50.929216846325]	3.5168625304395057e-01	[54.723713560877485,52.970808115294545,55.204765798459086]
25	3.5168625304395057e-01	[54.723713560877485,52.970808115294545,55.204765798459086]	5.2540353586225574e+00	[41.43816770937172,52.50727191483521,39.35006810177023]
25	5.2540353586225574e+00	[41.43816770937172,52.50727191483521,39.35006810177023]	9.7875605330251876e+00	[73.50446574794245,56.3023089066465,57.201960084199676]
25	9.7875605330251876e+00	[73.50446574794245,56.3023089066465,57.201960084199676]	2.0858016912743647e+01	[42.89653378040742,28.962147189511033,30.419441790894556]
25	2.0858016912743647e+01	[42.89653378040742,28.962147189511033,30.419441790894556]	1.3919664676533783e+01	[34.97743836615775,34.73058321284985,63.51982037433071]
25	1.3919664676533783e+01	[34.97743836615775,34.73058321284985,63.51982037433071]	3.5785093690168428e+00	[51.13928923643844,50.17194201728761,38.54190904585153]
26	6.8467503965948886e+00	[39.39336924228985,60.68648888795191,62.986201336514284]	3.5402252241142182e+00	[42.221683796439024,61.152298818383066,49.95612115422952]
26	3.5402252241142182e+00	[42.221683796439024,61.152298818383066,49.95612115422952]	3.1255835272734500e+00	[60.35906854152339,56.252997084410524,43.3811773040409]
26	3.1255835272734500e+00	[60.35906854152339,56.252997084410524,43.3811773040409]	6.0221711656781221e+00	[49.238884715885234,48.31501961196632,69.06610781384065]
26	6.0221711656781221e+00	[49.238884715885234,48.31501961196632,69.06610781384065]	1.5002695346282797e+00	[52.76037409270679,60.61400643930142,53.85939633192864]
26	1.5002695346282797e+00	[52.76037409270679,60.61400643930142,53.85939633192864]	2.0372110451076564e+00	[45.647543382889154,55.403927166457535,59.344269526757394]
26	2.0372110451076564e+00	[45.647543382889154,55.403927166457535,59.344269526757394]	9.8208320046693274e+00	[49.82584758901569,62.08376587116362,72.08110660769916]
26	9.8208320046693274e+00	[49.82584758901569,62.08376587116362,72.08110660769916]	3.3960576320610740e+00	[59.42584140613603,61.57355173941447,57.470252971080036]
26	3.3960576320610740e+00	[59.42584140613603,61.57355173941447,57.470252971080036]	9.7280742868041141e+00	[43.16747147874493,65.43053977651071,67.692971438874]
26	9.7280742868041141e+00	[43.16747147874493,65.43053977651071,67.692971438874]	1.0620677701044114e+01	[55.78282674180595,47.3974641395362,74.70343141060923]
26	1.0620677701044114e+01	[55.78282674180595,47.3974641395362,74.70343141060923]	4.8374203769535846e+00	[48.79262957050165,41.64479793383224,63.543431616947736]
26	4.8374203769535846e+00	[48.79262957050165,41.64479793383224,63.543431616947736]	2.9975217318457563e+00	[53.660698023070886,45.74253287442641,41.35966297098341]
26	2.9975217318457563e+00	[53.660698023070886,45.74253287442641,41.35966297098341]	1.0904621488703752e+01	[62.829516488719996,33.068013420597445,61.45696010771613]
26	1.0904621488703752e+01	[62.829516488719996,33.068013420597445,61.45696010771613]	9.1961372350445956e+00	[62.28663469911134,33.29050779219619,56.543386254357856]
26	9.1961372350445956e+00	[62.28663469911134,33.29050779219619,56.543386254357856]	8.9126170220777379e+00	[55.79571138756156,31.613553428995527,46.40156193705162]
26	8.9126170220777379e+00	[55.79571138756156,31.613553428995527,46.40156193705162]	8.6866103018987513e+00	[35.856573709560166,51.74724467341483,38.26039389132775]
26	8.6866103018987513e+00	[35.856573709560166,51.74724467341483,38.26039389132775]	3.7312334736345010e+00	[55.73481813747824,38.672537539442395,50.70554678901985]
26	3.7312334736345010e+00	[55.73481813747824,38.672537539442395,50.70554678901985]	2.3093518633639989e+00	[49.63427704576833,58.261435298729154,60.6820737478539]
26	2.3093518633639989e+00	[49.63427704576833,58.261435298729154,60.6820737478539]	2.6888303470491759e+00	[41.58497687866786,46.69295162232291,50.43425206056019]
26	2.6888303470491759e+00	[41.58497687866786,46.69295162232291,50.43425206056019]	4.0852573174151354e+00	[51.56189792191664,55.065137044126395,66.23701526921755]
26	4.0852573174151354e+00	[51.56189792191664,55.065137044126395,66.23701526921755]	1.4512965901593939e+01	[51.60353066800284,33.713209760227244,72.43257661672378]
27	5.0719691452283355e-01	[49.434373601464245,51.71503047437528,47.565151316912015]	8.2343468708324352e-01	[52.49643321240048,50.13504627065542,45.756611161329296]
27	8.2343468708324352e-01	[52.49643321240048,50.13504627065542,45.756611161329296]	1.6935114174818982e+00	[59.42548103146416,53.704423142856875,46.521527095262165]
27	1.6935114174818982e+00	[59.42548103146416,53.704423142856875,46.521527095262165]	3.3852595096704130e-01	[51.093865308416035,54.68940905224604,55.13788612834516]
27	3.3852595096704130e-01	[51.093865308416035,54.68940905224604,55.13788612834516]	5.0736653548689215e-01	[48.17960584519615,49.11524874821814,53.86666565111903]
27	5.0736653548689215e-01	[48.17960584519615,49.11524874821814,53.86666565111903]	2.3345560164949677e+00	[41.49865459036943,54.90140448081091,50.501158413089605]
27	2.3345560164949677e+00	[41.49865459036943,54.90140448081091,50.501158413089605]	2.8548953847564457e-01	[53.74811263173472,53.975299170472056,54.870063049307525]
27	2.8548953847564457e-01	[53.74811263173472,53.975299170472056,54.870063049307525]	1.2775286883379318e+00	[58.07345923898417,56.36598503265162,55.28823174599949]
27	1.2775286883379318e+00	[58.07345923898417,56.36598503265162,55.28823174599949]	1.6896411584193682e+00	[47.23319059046015,50.97834207107446,60.00335890663516]
27	1.6896411584193682e+00	[47.23319059046015,50.97834207107446,60.00335890663516]	3.3520961887889437e-02	[52.945864593504304,52.85447133685496,51.38142688367581]
27	3.3520961887889437e-02	[52.945864593504304,52.85447133685496,51.38142688367581]	9.3028728116356807e-01	[54.1193947567739,49.60270518892589,45.8331740917787]
27	9.3028728116356807e-01	[54.1193947567739,49.60270518892589,45.8331740917787]	8.9606055172062027e-01	[51.76249044062434,50.34373010717887,58.63146102591534]
27	8.9606055172062027e-01	[51.76249044062434,50.34373010717887,58.63146102591534]	1.0328075091668569e+00	[44.86279984540269,50.53167367940715,51.35715287897845]
27	1.0328075091668569e+00	[44.86279984540269,50.53167367940715,51.35715287897845]	2.6945464169620498e-01	[54.77128119347697,52.879853146998215,49.59661792611961]
27	2.6945464169620498e-01	[54.77128119347697,52.879853146998215,49.59661792611961]	1.1834085797802345e+00	[55.5909936375594,45.47598645257545,54.464145349471075]
27	1.1834085797802345e+00	[55.5909936375594,45.47598645257545,54.464145349471075]	1.1965894605444192e+00	[45.045842937991715,50.49212690717429,55.38575162523646]
27	1.1965894605444192e+00	[45.045842937991715,50.49212690717429,55.38575162523646]	5.4548470609450683e-01	[49.525391954176676,49.65792057305905,56.107386154822976]
27	5.4548470609450683e-01	[49.525391954176676,49.65792057305905,56.107386154822976]	2.6320799046704910e+00	[57.945895316082684,42.41717489159282,55.06334147559326]
27	2.6320799046704910e+00	[57.945895316082684,42.41717489159282,55.06334147559326]	2.1069898845055639e+00	[59.127831766125354,58.34513195645245,47.6934782633971]
27	2.1069898845055639e+00	[59.127831766125354,58.34513195645245,47.6934782633971]	2.5398813204051927e-02	[52.09154626380662,52.07862229509342,53.2562875623608]
27	2.5398813204051927e-02	[52.09154626380662,52.07862229509342,53.2562875623608]	8.3309463781651594e-01	[54.27749829278078,55.84656814591143,47.15803710964409]
28	3.8523818707179593e+01	[91.66914105546576,70.26576245581771,61.49625628222406]	9.3254582397570811e+00	[44.2089039821165,46.95663707718999,32.0916839194555]
28	9.3254582397570811e+00	[44.2089039821165,46.95663707718999,32.0916839194555]	5.0255423526783424e+01	[65.00433878066558,35.709265713435705,5.441300356922085]
28	5.0255423526783424e+01	[65.00433878066558,35.709265713435705,5.441300356922085]	7.8862396294429061e+01	[88.6773749391884,59.455904872884446,0.18990953503339714]
28	7.8862396294429061e+01	[88.6773749391884,59.455904872884446,0.18990953503339714]	6.1787845641507403e+01	[0.0,72.80228513823563,59.97010750511907]
28	6.1787845641507403e+01	[0.0,72.80228513823563,59.97010750511907]	9.9397449477741855e+00	[37.19990092256725,65.96613585848162,62.062488631673155]
28	9.9397449477741855e+00	[37.19990092256725,65.96613585848162,62.062488631673155]	1.8959118839299578e+01	[20.70246641579022,53.154182994372206,51.177641549063466]
28	1.8959118839299578e+01	[20.70246641579022,53.154182994372206,51.177641549063466]	1.6246553744657394e+01	[44.440380678905676,66.33950828485249,76.07932311346119]
28	1.6246553744657394e+01	[44.440380678905676,66.33950828485249,76.07932311346119]	3.9016903979807552e+01	[55.12938054624347,96.84664195868223,50.788731340639956]
28	3.9016903979807552e+01	[55.12938054624347,96.84664195868223,50.788731340639956]	4.8331804968254190e+01	[30.21669709725213,44.89248532118431,7.537070869035733]
28	4.8331804968254190e+01	[30.21669709725213,44.89248532118431,7.537070869035733]	2.3271783715535602e+01	[84.52906763798745,43.20219793637303,60.4249411973042]
28	2.3271783715535602e+01	[84.52906763798745,43.20219793637303,60.4249411973042]	1.7783964357832250e+01	[76.73346774794116,60.764692868442765,67.30052448278488]
28	1.7783964357832250e+01	[76.73346774794116,60.764692868442765,67.30052448278488]	4.9173053761903887e+01	[83.58508655595229,26.52667930922353,82.02988639078842]
28	4.9173053761903887e+01	[83.58508655595229,26.52667930922353,82.02988639078842]	5.7415020185352489e+01	[96.07879272954303,20.997000776137355,43.61430257860764]
28	5.7415020185352489e+01	[96.07879272954303,20.997000776137355,43.61430257860764]	5.0257773974556159e+01	[87.52420376851452,18.44276910899684,66.69507170598551]
28	5.0257773974556159e+01	[87.52420376851452,18.44276910899684,66.69507170598551]	1.9166528839781979e+01	[39.55213800118509,77.29028315040898,37.91153067961499]
28	1.9166528839781979e+01	[39.55213800118509,77.29028315040898,37.91153067961499]	6.6800502443545398e+01	[26.315533757264046,94.17478048835225,83.98914738163948]
28	6.6800502443545398e+01	[26.315533757264046,94.17478048835225,83.98914738163948]	2.0841846815432536e+01	[52.227571612793405,71.25462522426236,25.375318883183485]
28	2.0841846815432536e+01	[52.227571612793405,71.25462522426236,25.375318883183485]	8.1817451157540866e+00	[56.66122205180354,69.98841066648181,43.10679578863564]
28	8.1817451157540866e+00	[56.66122205180354,69.98841066648181,43.10679578863564]	1.2735123119547234e+01	[58.88824143781418,54.80752442829083,76.60585154709717]
28	1.2735123119547234e+01	[58.88824143781418,54.80752442829083,76.60585154709717]	4.3592491475738207e+01	[40.10371603340791,77.34373071403961,90.41611069677485]
29	2.0786297030742332e+01	[42.34136492891637,67.46142383188679,24.722087834232656]	3.4857850767432453e+01	[53.287668433516025,69.63714153422235,13.365164868915523]
29	3.4857850767432453e+01	[53.287668433516025,69.63714153422235,13.365164868915523]	1.1411609314888491e+01	[72.29772340639117,54.16802738522378,65.24982092472959]
29	1.1411609314888491e+01	[72.29772340639117,54.16802738522378,65.24982092472959]	1.5791901883086130e+01	[39.961266681192605,33.830248766535135,70.51742159403571]
29	1.5791901883086130e+01	[39.961266681192605,33.830248766535135,70.51742159403571]	6.4629338417797237e+00	[68.5871400266135,45.702856806839804,47.48583755561747]
29	6.4629338417797237e+00	[68.5871400266135,45.702856806839804,47.48583755561747]	2.9882331965616364e+00	[40.93269136401146,52.65043818911258,57.657175724622824]
29	2.9882331965616364e+00	[40.93269136401146,52.65043818911258,57.657175724622824]	9.8915881430166106e+00	[49.919071922535394,60.56928579683815,72.86975070023001]
29	9.8915881430166106e+00	[49.919071922535394,60.56928579683815,72.86975070023001]	3.0380327717498181e+00	[62.9529548798883,56.98190882198789,55.64898648533045]
29	3.0380327717498181e+00	[62.9529548798883,56.98190882198789,55.64898648533045]	1.6581546996104148e+01	[65.92271664388996,28.045486529353457,61.565034081241215]
29	1.6581546996104148e+01	[65.92271664388996,28.045486529353457,61.565034081241215]	6.2506825535744364e+00	[51.894198895891044,45.48689144002508,68.78834864236079]
29	6.2506825535744364e+00	[51.894198895891044,45.48689144002508,68.78834864236079]	4.9941638544486553e+00	[59.46659806367837,38.09393723710589,48.90637014426613]
29	4.9941638544486553e+00	[59.46659806367837,38.09393723710589,48.90637014426613]	9.3718739431557152e-01	[45.16606247711992,52.53871512436214,53.29198829297311]
29	9.3718739431557152e-01	[45.16606247711992,52.53871512436214,53.29198829297311]	9.7110303814179388e-01	[49.92360921855238,55.76487600400476,57.67831875482853]
29	9.7110303814179388e-01	[49.92360921855238,55.76487600400476,57.67831875482853]	1.0647459449975928e+01	[59.23325184074839,61.21144082323925,72.38455776417732]
29	1.0647459449975928e+01	[59.23325184074839,61.21144082323925,72.38455776417732]	7.4961102030269151e+00	[49.49646078159289,34.2160163497813,43.91979404843418]
29	7.4961102030269151e+00	[49.49646078159289,34.2160163497813,43.91979404843418]	1.7929435739861972e+01	[59.99537402946861,44.05608875138777,80.33129553914175]
29	1.7929435739861972e+01	[59.99537402946861,44.05608875138777,80.33129553914175]	2.1181476283319569e+01	[61.02422663485909,83.03819943791208,59.33615666458731]
29	2.1181476283319569e+01	[61.02422663485909,83.03819943791208,59.33615666458731]	1.2712551979481342e+01	[65.35448566203104,73.17790696964893,46.28813391951815]
29	1.2712551979481342e+01	[65.35448566203104,73.17790696964893,46.28813391951815]	2.1447298738093902e+01	[84.74854808832903,57.27826297356181,55.45245184639633]
29	2.1447298738093902e+01	[84.74854808832903,57.27826297356181,55.45245184639633]	1.0607147273528243e+01	[56.450743281727824,74.65076350981904,47.8289008999188]
29	1.0607147273528243e+01	[56.450743281727824,74.65076350981904,47.8289008999188]	2.0126223802577075e+00	[49.28574391430037,60.81008806055554,56.44682465845039]
30	1.6609450067239748e-01	[54.94764110035906,52.380106957767154,52.32167203757035]	4.8601587736415131e-01	[53.86853869395713,56.64958578213565,52.69837048940327]
30	4.8601587736415131e-01	[53.86853869395713,56.64958578213565,52.69837048940327]	9.6783049261261189e-02	[53.925649847597626,51.06484860716528,51.17760254479142]
30	9.6783049261261189e-02	[53.925649847597626,51.06484860716528,51.17760254479142]	3.9388882479806570e-01	[49.74224330059542,49.705312407529526,48.82383421448495]
30	3.9388882479806570e-01	[49.74224330059542,49.705312407529526,48.82383421448495]	1.5186210435264116e-01	[50.93620302803525,54.59809275426799,51.49803687859832]
30	1.5186210435264116e-01	[50.93620302803525,54.59809275426799,51.49803687859832]	5.6230755228940735e-02	[51.02647284316642,53.06375015350457,50.9746207906294]
30	5.6230755228940735e-02	[51.02647284316642,53.06375015350457,50.9746207906294]	3.8806352570551921e-02	[50.59149357481191,51.724791525812954,52.39971040380268]
30	3.8806352570551921e-02	[50.59149357481191,51.724791525812954,52.39971040380268]	1.2568930409357726e-01	[50.527725616969875,52.35623403986688,54.11723784661813]
30	1.2568930409357726e-01	[50.527725616969875,52.35623403986688,54.11723784661813]	8.4707332622096385e-02	[50.70209379788798,52.53534862139587,50.387991998502606]
30	8.4707332622096385e-02	[50.70209379788798,52.53534862139587,50.387991998502606]	2.5142058662393041e-01	[48.78835866299666,53.53632840297018,52.75292249004779]
30	2.5142058662393041e-01	[48.78835866299666,53.53632840297018,52.75292249004779]	4.1929879167996890e-02	[52.46815865035768,50.58897700130145,51.58856782521936]
30	4.1929879167996890e-02	[52.46815865035768,50.58897700130145,51.58856782521936]	3.7872411867201700e-01	[48.05253855393339,50.30152811419506,50.894205745721166]
30	3.7872411867201700e-01	[48.05253855393339,50.30152811419506,50.894205745721166]	3.8296500786754484e-01	[55.27187169632682,55.08574458022102,51.90548554441068]
30	3.8296500786754484e-01	[55.27187169632682,55.08574458022102,51.90548554441068]	8.0354498163797541e-02	[52.88796404202899,52.96673816590153,53.66399754359435]
30	8.0354498163797541e-02	[52.88796404202899,52.96673816590153,53.66399754359435]	7.2817310660541465e-02	[50.14666178636812,52.29924847597437,51.34160979419461]
30	7.2817310660541465e-02	[50.14666178636812,52.29924847597437,51.34160979419461]	9.9529311741777454e-02	[53.19244952987714,53.90400920528567,52.66643481437306]
30	9.9529311741777454e-02	[53.19244952987714,53.90400920528567,52.66643481437306]	3.5471044751127147e-02	[52.72495739589018,53.14837732343856,52.54317537151169]
30	3.5471044751127147e-02	[52.72495739589018,53.14837732343856,52.54317537151169]	1.9091225693753142e-01	[54.81089398806755,50.495866912345846,52.01336426328521]
30	1.9091225693753142e-01	[54.81089398806755,50.495866912345846,52.01336426328521]	8.2631028396554802e-03	[51.486792776391674,51.894572427077,52.62864804043719]
30	8.2631028396554802e-03	[51.486792776391674,51.894572427077,52.62864804043719]	1.4553363432685329e-01	[49.43089864390537,52.91324635529116,52.56424467697596]
30	1.4553363432685329e-01	[49.43089864390537,52.91324635529116,52.56424467697596]	1.3612113413038326e-01	[50.32642090824088,54.09082870147035,51.65107875747328]
